[{"id": 0, "img_name": "00001.jpg", "width": 1920, "height": 1080, "position": [-1.2140993599258993, -1.6263878484021588, 2.949533822963568], "rotation": [[-0.9642797640823875, -0.1599301402952463, 0.21115607215128251], [0.13297155456196239, 0.39717529171007704, 0.9080585627218052], [-0.22909190788543765, 0.903700247803528, -0.36172193721317475]], "fy": 1624.622619577549, "fx": 1624.6226195775494}, {"id": 1, "img_name": "00009.jpg", "width": 1920, "height": 1080, "position": [0.4846762602979719, -1.6784756801189307, 3.009760465872706], "rotation": [[-0.9746062713351042, 0.07003083740727792, -0.21269296576596228], [-0.170336549347922, 0.38470453451797154, 0.9071867950304136], [0.14535499933104581, 0.9203793255681846, -0.36300664076036593]], "fy": 1624.622619577549, "fx": 1624.6226195775494}, {"id": 2, "img_name": "00017.jpg", "width": 1920, "height": 1080, "position": [2.0164401041870246, -1.1949525607016287, 2.4249384147482607], "rotation": [[-0.7568264285663439, 0.29460709594680135, -0.5834555818923197], [-0.4355902931341869, 0.438197521759558, 0.7862849537229202], [0.48731391684496994, 0.8492288213088236, -0.2033114741170303]], "fy": 1624.622619577549, "fx": 1624.6226195775494}, {"id": 3, "img_name": "00025.jpg", "width": 1920, "height": 1080, "position": [3.3383708072089564, -1.1579864165426108, 0.4869945224898688], "rotation": [[-0.30033831806516204, 0.5285500481832479, -0.7939973181738558], [-0.6080886098697493, 0.5352290742831812, 0.5863088610865816], [0.7348640263670992, 0.6589117426540939, 0.16065546409655612]], "fy": 1624.622619577549, "fx": 1624.6226195775494}, {"id": 4, "img_name": "00033.jpg", "width": 1920, "height": 1080, "position": [1.8796738131054114, -1.2824722025364295, 2.521706144438347], "rotation": [[-0.7919342490454437, 0.25539453793277633, -0.5546294034604848], [-0.4133637916590291, 0.44429643809881314, 0.7948151048124201], [0.4494113048579223, 0.858705016339611, -0.24628271149045125]], "fy": 1624.622619577549, "fx": 1624.6226195775494}, {"id": 5, "img_name": "00041.jpg", "width": 1920, "height": 1080, "position": [2.765425879015074, 0.9513165508205196, -2.5544608186545164], "rotation": [[0.6445675308748711, 0.48261289840734567, -0.592973429786473], [-0.4793301404027414, 0.8593210719933356, 0.17835333394616684], [0.5956301827840496, 0.16926926926966326, 0.7852213699572584]], "fy": 1624.622619577549, "fx": 1624.6226195775494}, {"id": 6, "img_name": "00049.jpg", "width": 1920, "height": 1080, "position": [1.4399862183629508, 1.6334428605734639, -3.3143092149143474], "rotation": [[0.9102758868859578, 0.2576815255562365, -0.3240340123212279], [-0.2586485754262342, 0.9651058324365213, 0.040885775362451256], [0.32326262416797075, 0.046593600247457095, 0.9451615270587443]], "fy": 1624.622619577549, "fx": 1624.6226195775494}, {"id": 7, "img_name": "00057.jpg", "width": 1920, "height": 1080, "position": [-0.18254877837257533, 1.8978161920119592, -3.6001449398059786], "rotation": [[0.9999959702190074, 2.5202181144981844e-05, -0.0028388220437293326], [-2.5873712778103793e-05, 0.999999971695262, -0.00023651643911608885], [0.002838816002647076, 0.00023658893687282572, 0.9999959425664577]], "fy": 1624.622619577549, "fx": 1624.6226195775494}, {"id": 8, "img_name": "00065.jpg", "width": 1920, "height": 1080, "position": [-1.7861164850566382, 1.6834516833912743, -3.3455072857027837], "rotation": [[0.9122347397239778, -0.26579813407920033, 0.3117356757907919], [0.26367701846362784, 0.9633262228504031, 0.04976965242903813], [-0.31353183183667016, 0.03679592761150372, 0.9488645056784193]], "fy": 1624.622619577549, "fx": 1624.6226195775494}, {"id": 9, "img_name": "00073.jpg", "width": 1920, "height": 1080, "position": [-3.2970262405523347, 0.9392973540634184, -2.4433351815070714], "rotation": [[0.5984391386997067, -0.5182593612424014, 0.6109646730842719], [0.5145506940015627, 0.8331497233258758, 0.20272918345548252], [-0.6140913454648773, 0.19305121860955632, 0.7652601168351203]], "fy": 1624.622619577549, "fx": 1624.6226195775494}, {"id": 10, "img_name": "00081.jpg", "width": 1920, "height": 1080, "position": [-3.9538705032470673, 0.04380872571988391, -1.285698385521821], "rotation": [[0.2224809220244813, -0.6351590607981373, 0.7396453250181231], [0.631083761442641, 0.6720954651911649, 0.38732540803938914], [-0.7431255111880793, 0.38060563994179014, 0.5503669879870666]], "fy": 1624.622619577549, "fx": 1624.6226195775494}, {"id": 11, "img_name": "00089.jpg", "width": 1920, "height": 1080, "position": [-4.005633722867605, -0.9983603231235328, -0.010438128570124775], "rotation": [[-0.20128557185792612, -0.6357422616109064, 0.7451952062135644], [0.6336734655815698, 0.4956193871163059, 0.5939859948957555], [-0.7469551911458079, 0.5917712395143134, 0.3030919703720678]], "fy": 1624.622619577549, "fx": 1624.6226195775494}, {"id": 12, "img_name": "00097.jpg", "width": 1920, "height": 1080, "position": [-3.077110754972093, -2.2088679962779705, 1.4426185651378198], "rotation": [[-0.6894223262128993, -0.463382997498294, 0.5567522373091022], [0.46713995861926894, 0.30300261812876206, 0.8306441310623361], [-0.5536037528597348, 0.8327458261898476, 0.00756794443729586]], "fy": 1624.622619577549, "fx": 1624.6226195775494}, {"id": 13, "img_name": "00105.jpg", "width": 1920, "height": 1080, "position": [-1.207298134255742, -2.9443686558642006, 2.303009864403809], "rotation": [[-0.9773876028955922, -0.12336022391083377, 0.17174320616163116], [0.1440225718843245, 0.2063212165732644, 0.9678269754349444], [-0.15482561963006047, 0.9706769857931096, -0.18388914257718073]], "fy": 1624.622619577549, "fx": 1624.6226195775494}, {"id": 14, "img_name": "00113.jpg", "width": 1920, "height": 1080, "position": [0.9782259806183183, -2.9112402768778862, 2.2428117594048853], "rotation": [[-0.9274298503419273, 0.24026517453407606, -0.28661213966065746], [-0.23012498887925079, 0.23749429875053588, 0.9437366939747103], [0.29481581061414425, 0.9412061963072177, -0.16496828132954489]], "fy": 1624.622619577549, "fx": 1624.6226195775494}, {"id": 15, "img_name": "00121.jpg", "width": 1920, "height": 1080, "position": [2.875631330517976, -2.0557527565883347, 1.187014835753067], "rotation": [[-0.5489848744399225, 0.5236346234784135, -0.6514770822759636], [-0.5211703266398652, 0.3949071125152567, 0.7565909483432633], [0.6534501497943657, 0.7548875105467587, 0.05610479617856702]], "fy": 1624.622619577549, "fx": 1624.6226195775494}, {"id": 16, "img_name": "00129.jpg", "width": 1920, "height": 1080, "position": [3.080600920467423, -0.2266473292864767, 1.256290775847346], "rotation": [[-0.3292216836342396, 0.42190585405871717, -0.8447535340772601], [-0.6255970127650137, 0.5726468172638999, 0.5298150623538523], [0.7072774990373487, 0.7029018942843372, 0.07541529265979564]], "fy": 1624.622619577549, "fx": 1624.6226195775494}, {"id": 17, "img_name": "00137.jpg", "width": 1920, "height": 1080, "position": [3.2757626116792697, 0.6651003436021173, 0.1833158373358695], "rotation": [[0.06198447097286043, 0.45694424119460664, -0.887333018543376], [-0.6581427526279174, 0.687079731792741, 0.3078466490364363], [0.7503372858398827, 0.5649100836404853, 0.3433228143886415]], "fy": 1624.622619577549, "fx": 1624.6226195775494}, {"id": 18, "img_name": "00145.jpg", "width": 1920, "height": 1080, "position": [2.9355643105242826, 1.4809976487362457, -0.8030480061375505], "rotation": [[0.429284521908923, 0.42207791745052103, -0.798476693993042], [-0.5940543121165632, 0.797882944299456, 0.10238301349221837], [0.6803045446747682, 0.43038708019254246, 0.5932560051935369]], "fy": 1624.622619577549, "fx": 1624.6226195775494}, {"id": 19, "img_name": "00153.jpg", "width": 1920, "height": 1080, "position": [1.8417964915504395, 2.326180685606254, -1.815783146628269], "rotation": [[0.8081278703166156, 0.2888858479838239, -0.513297488842677], [-0.39363721657883666, 0.9131562179604344, -0.10580861649346622], [0.438154181700457, 0.2875598866929502, 0.8516632107961106]], "fy": 1624.622619577549, "fx": 1624.6226195775494}, {"id": 20, "img_name": "00162.jpg", "width": 1920, "height": 1080, "position": [0.059986680099051636, 2.7512510338695377, -2.332317695774013], "rotation": [[0.9966828511507245, 0.05427052950501815, -0.060646548535819626], [-0.06560691510735399, 0.9767380022060717, -0.20415339266489888], [0.04815627593740008, 0.2074550184346884, 0.9770585388880771]], "fy": 1624.622619577549, "fx": 1624.6226195775494}, {"id": 21, "img_name": "00171.jpg", "width": 1920, "height": 1080, "position": [-1.2903754313170843, 2.64586564712282, -2.2152551131215277], "rotation": [[0.9513903903260215, -0.12834327605638424, 0.27997201411286765], [0.18071071767127472, 0.9687324398719935, -0.17000322484702224], [-0.24939920151041756, 0.2123333780420994, 0.9448357396157265]], "fy": 1624.622619577549, "fx": 1624.6226195775494}, {"id": 22, "img_name": "00179.jpg", "width": 1920, "height": 1080, "position": [-3.096683558165497, 1.7877332286241923, -1.2118923479281867], "rotation": [[0.5723269331163121, -0.37882911798658525, 0.7272760005631854], [0.5057148001718226, 0.8612140236088784, 0.05062555112371394], [-0.6455187235989751, 0.33881987088261545, 0.6844754725906822]], "fy": 1624.622619577549, "fx": 1624.6226195775494}, {"id": 23, "img_name": "00187.jpg", "width": 1920, "height": 1080, "position": [-3.6562872813823426, 0.9524461560681039, -0.22245536646182573], "rotation": [[0.19925380177825805, -0.4655886252652587, 0.8622790467711233], [0.602553924489844, 0.7521334398887867, 0.26687835559098505], [-0.7728044322846483, 0.46639309667346857, 0.4304077006938127]], "fy": 1624.622619577549, "fx": 1624.6226195775494}, {"id": 24, "img_name": "00196.jpg", "width": 1920, "height": 1080, "position": [-3.5369794661830243, -0.21586723170180835, 1.1948875218611534], "rotation": [[-0.3270760812875283, -0.46817678489344244, 0.8208725450010087], [0.5709599440118562, 0.5942697547320871, 0.5664346396051734], [-0.7530112744066796, 0.6539525645622197, 0.07293876828493938]], "fy": 1624.622619577549, "fx": 1624.6226195775494}, {"id": 25, "img_name": "00205.jpg", "width": 1920, "height": 1080, "position": [-2.6976238817054057, -1.0632046181475896, 2.2327531450371034], "rotation": [[-0.7112412772423079, -0.3681044765187393, 0.5988613695285369], [0.4103001320164806, 0.474357167094029, 0.7788703869667827], [-0.5707798588019627, 0.7996776678095945, -0.18634908208150372]], "fy": 1624.622619577549, "fx": 1624.6226195775494}, {"id": 26, "img_name": "00002.jpg", "width": 1920, "height": 1080, "position": [-1.0610075502047196, -1.6574838479042227, 2.978137932513152], "rotation": [[-0.9751901996361386, -0.13939084019733988, 0.1719717075646664], [0.1050609804483942, 0.3923625427049555, 0.9137909090537747], [-0.1948493390310822, 0.909187455231968, -0.3679835680135306]], "fy": 1624.622619577549, "fx": 1624.6226195775494}, {"id": 27, "img_name": "00003.jpg", "width": 1920, "height": 1080, "position": [-0.9015831667415747, -1.6772807840722042, 3.0052624208402263], "rotation": [[-0.9844005892334963, -0.11710055460335726, 0.13131237576226715], [0.07619133826724245, 0.38900327660850104, 0.9180802420055103], [-0.15858864993999836, 0.9137635968342337, -0.37401300674010274]], "fy": 1624.622619577549, "fx": 1624.6226195775494}, {"id": 28, "img_name": "00004.jpg", "width": 1920, "height": 1080, "position": [-0.6982342779739521, -1.7008257449811695, 3.033862586845579], "rotation": [[-0.9928050861431931, -0.08925853701421446, 0.07981838446302875], [0.039415570622626905, 0.38583164145678484, 0.9217268343946895], [-0.11306844706061224, 0.9182411763914994, -0.37953743986391647]], "fy": 1624.622619577549, "fx": 1624.6226195775494}, {"id": 29, "img_name": "00005.jpg", "width": 1920, "height": 1080, "position": [-0.4435409077728889, -1.7170836028235354, 3.05514176482509], "rotation": [[-0.9983546066175796, -0.05502664459197256, 0.016129098871500807], [-0.006184557225823155, 0.38296873860303143, 0.9237406002253682], [-0.05700728635339899, 0.9221209322197126, -0.382678919807284]], "fy": 1624.622619577549, "fx": 1624.6226195775494}, {"id": 30, "img_name": "00006.jpg", "width": 1920, "height": 1080, "position": [-0.19779292927903191, -1.719360626369622, 3.0607244312529684], "rotation": [[-0.9987485792413996, -0.022366347105043385, -0.04473278417964191], [-0.04988527532853956, 0.38169428748609857, 0.9229414554595949], [-0.0035685807657254054, 0.9240179746182735, -0.38233237871472797]], "fy": 1624.622619577549, "fx": 1624.6226195775494}, {"id": 31, "img_name": "00007.jpg", "width": 1920, "height": 1080, "position": [0.029459209406030574, -1.7139794329661568, 3.0568045837709525], "rotation": [[-0.9948818915691168, 0.00794795017672833, -0.10073158350707877], [-0.09008088488376194, 0.38186109855427236, 0.9198192950734847], [0.04577615106596194, 0.9241855503625407, -0.3791907336614034]], "fy": 1624.622619577549, "fx": 1624.6226195775494}, {"id": 32, "img_name": "00008.jpg", "width": 1920, "height": 1080, "position": [0.26058324660952137, -1.6946328670221176, 3.0368862155851426], "rotation": [[-0.9867094916866569, 0.03909744557448819, -0.15772054008596675], [-0.13101399008326306, 0.38275487438358025, 0.9145130073093942], [0.09612342803875518, 0.9230222618578381, -0.3725455551968358]], "fy": 1624.622619577549, "fx": 1624.6226195775494}, {"id": 33, "img_name": "00010.jpg", "width": 1920, "height": 1080, "position": [0.7178259220965947, -1.627025698719765, 2.9579770704511423], "rotation": [[-0.9570329324771177, 0.10291260914550847, -0.27110322947746623], [-0.21231957866687332, 0.3880795725746081, 0.8968359057626041], [0.19750534845661594, 0.9158620203006417, -0.3495545695622605]], "fy": 1624.622619577549, "fx": 1624.6226195775494}, {"id": 34, "img_name": "00011.jpg", "width": 1920, "height": 1080, "position": [1.615681697787265, -1.4003551602102566, 2.6643223977036756], "rotation": [[-0.8451606013849678, 0.21910631798287855, -0.4875407462834102], [-0.365310754832656, 0.4290719271588728, 0.8261024958973103], [0.39019432372882357, 0.8762931602746633, -0.2825927935840705]], "fy": 1624.622619577549, "fx": 1624.6226195775494}, {"id": 35, "img_name": "00012.jpg", "width": 1920, "height": 1080, "position": [0.9850122030352659, -1.5736463356899015, 2.8925434634007847], "rotation": [[-0.9307709693743796, 0.14110321127715764, -0.33727627597735166], [-0.2598911697590211, 0.39348350856106107, 0.8818317914272341], [0.25714195000264845, 0.9084385572275933, -0.3295715480606359]], "fy": 1624.622619577549, "fx": 1624.6226195775494}, {"id": 36, "img_name": "00013.jpg", "width": 1920, "height": 1080, "position": [1.260916201574713, -1.504642517003267, 2.8030306451333558], "rotation": [[-0.8966383845019836, 0.1804696419319912, -0.4043146247399557], [-0.3079309726502183, 0.4019785221144038, 0.862317681508045], [0.31814795853558886, 0.8976881285277523, -0.3048571802991991]], "fy": 1624.622619577549, "fx": 1624.6226195775494}, {"id": 37, "img_name": "00014.jpg", "width": 1920, "height": 1080, "position": [1.5011180273705211, -1.4296507782993724, 2.7056754400577336], "rotation": [[-0.8605792550340178, 0.21515641891481047, -0.4616395360070982], [-0.34888153628967394, 0.41131714523037094, 0.8420806847777086], [0.37105932065001573, 0.885734678918745, -0.2789069004514876]], "fy": 1624.622619577549, "fx": 1624.6226195775494}, {"id": 38, "img_name": "00015.jpg", "width": 1920, "height": 1080, "position": [1.6811897494923593, -1.3528443599480364, 2.618201896922612], "rotation": [[-0.8284206462542394, 0.2426332916721292, -0.5048250376437912], [-0.3796265721667924, 0.41946930523824644, 0.8245781755951546], [0.411828724792964, 0.8747425836983646, -0.25538698811824884]], "fy": 1624.622619577549, "fx": 1624.6226195775494}, {"id": 39, "img_name": "00016.jpg", "width": 1920, "height": 1080, "position": [1.8565108814514923, -1.2726381948517718, 2.523726725152557], "rotation": [[-0.7932398584314687, 0.26952257724039985, -0.5460110872073161], [-0.40904384705802993, 0.42838063785155034, 0.805712827437832], [0.4510583755785826, 0.8624660048208227, -0.22956204466073762]], "fy": 1624.622619577549, "fx": 1624.6226195775494}, {"id": 40, "img_name": "00018.jpg", "width": 1920, "height": 1080, "position": [2.1529943506665363, -1.1107776893666734, 2.321903549861709], "rotation": [[-0.7191637649900608, 0.318464869796595, -0.6175626331237652], [-0.4594544316001836, 0.4487923536408253, 0.7664770372271309], [0.5212533975028583, 0.8349644004500827, -0.17643510300606563]], "fy": 1624.622619577549, "fx": 1624.6226195775494}, {"id": 41, "img_name": "00019.jpg", "width": 1920, "height": 1080, "position": [2.3173018358351007, -1.0146819547788313, 2.1942898761670566], "rotation": [[-0.6723098593572807, 0.34460554134652815, -0.6551690422206006], [-0.4858875742218878, 0.46229071428252333, 0.7417550543844805], [0.5584914665666455, 0.8170277329206277, -0.14336305455317502]], "fy": 1624.622619577549, "fx": 1624.6226195775494}, {"id": 42, "img_name": "00020.jpg", "width": 1920, "height": 1080, "position": [2.4666989317037937, -0.9290513178262156, 2.0326474290384247], "rotation": [[-0.6250074024589708, 0.3677642132319535, -0.6885602590459104], [-0.5084571039285244, 0.47750143227667247, 0.7165638531480246], [0.5923150515866593, 0.7979610677467969, -0.11144960306920951]], "fy": 1624.622619577549, "fx": 1624.6226195775494}, {"id": 43, "img_name": "00021.jpg", "width": 1920, "height": 1080, "position": [2.6425237784434903, -0.8216951251647088, 1.849242715732947], "rotation": [[-0.5655877184901461, 0.3925480630149845, -0.7252699848444677], [-0.5330327182620253, 0.4970514666200225, 0.6847013661393418], [0.6292747046841366, 0.7738513150173411, -0.07188524390042937]], "fy": 1624.622619577549, "fx": 1624.6226195775494}, {"id": 44, "img_name": "00022.jpg", "width": 1920, "height": 1080, "position": [1.7455069816776465, -1.3448933373915986, 2.599134441888881], "rotation": [[-0.8205097674748467, 0.2365630825241133, -0.5203860388836947], [-0.38875125135738775, 0.4364955643902564, 0.8113840563110029], [0.41908971121519767, 0.8680492671814896, -0.266184679685441]], "fy": 1624.622619577549, "fx": 1624.6226195775494}, {"id": 45, "img_name": "00023.jpg", "width": 1920, "height": 1080, "position": [2.7592493548738055, -0.7281987312903792, 1.6878399436518474], "rotation": [[-0.5131272144141353, 0.4109976447115811, -0.7535127058445148], [-0.5508221299265331, 0.5155907948638553, 0.6563239394040531], [0.65825180820928, 0.7518291483396946, -0.03817707029123808]], "fy": 1624.622619577549, "fx": 1624.6226195775494}, {"id": 46, "img_name": "00024.jpg", "width": 1920, "height": 1080, "position": [3.3016073723197112, -1.0773680688480944, 0.6200343425120605], "rotation": [[-0.31278450916128336, 0.5175983423301682, -0.7964030429661838], [-0.6034763681189976, 0.5391902041502459, 0.5874437818807179], [0.7334726470364382, 0.6643537309035589, 0.14370802442411673]], "fy": 1624.622619577549, "fx": 1624.6226195775494}, {"id": 47, "img_name": "00026.jpg", "width": 1920, "height": 1080, "position": [3.4172214052405865, -1.1635240589678109, 0.32952811003780064], "rotation": [[-0.2665659464487938, 0.5433259144189256, -0.7960776010632988], [-0.6162578355586439, 0.538985656093402, 0.5742131508753003], [0.7410592933810587, 0.6436547313944047, 0.1911536304838664]], "fy": 1624.622619577549, "fx": 1624.6226195775494}, {"id": 48, "img_name": "00027.jpg", "width": 1920, "height": 1080, "position": [3.5429616006968367, -0.9424006656432659, 0.022683271523226058], "rotation": [[-0.1756349554164551, 0.5772165244058263, -0.7974794332073508], [-0.6281749669546792, 0.5580106037825732, 0.5422364585286532], [0.7579898240262511, 0.5961922928209207, 0.2645868036270634]], "fy": 1624.622619577549, "fx": 1624.6226195775494}, {"id": 49, "img_name": "00028.jpg", "width": 1920, "height": 1080, "position": [3.5940298320332777, -0.8389393483850968, -0.23322547541300448], "rotation": [[-0.10407439857112002, 0.5946067436858787, -0.7972523690308702], [-0.6380187873109834, 0.5750133056423864, 0.5121442427406926], [0.7629551406211779, 0.5619630937147839, 0.3195261095782744]], "fy": 1624.622619577549, "fx": 1624.6226195775494}, {"id": 50, "img_name": "00029.jpg", "width": 1920, "height": 1080, "position": [3.716320520651685, -0.4531125003386492, -0.715307027013015], "rotation": [[0.06958247419629673, 0.6147938186804793, -0.7856123979399734], [-0.648160100979622, 0.6265052429027106, 0.432873727677601], [0.7583183782441304, 0.47908218619323467, 0.44207860849570946]], "fy": 1624.622619577549, "fx": 1624.6226195775494}, {"id": 51, "img_name": "00030.jpg", "width": 1920, "height": 1080, "position": [3.680463387659729, -0.30755476804771925, -1.005267770468637], "rotation": [[0.14701899914016733, 0.6203393139290277, -0.7704314047894768], [-0.6411142438639443, 0.6528960947044428, 0.403359908561139], [0.7532316643679993, 0.4346329774807136, 0.49369650057465775]], "fy": 1624.622619577549, "fx": 1624.6226195775494}, {"id": 52, "img_name": "00031.jpg", "width": 1920, "height": 1080, "position": [3.627879372685438, -0.17988699729792743, -1.2001328008988605], "rotation": [[0.2079135168290279, 0.6190747357504568, -0.7573100032848422], [-0.6320884058547642, 0.6758949502070648, 0.3789858354458281], [0.7464825628933124, 0.39989059483825284, 0.5318376589299972]], "fy": 1624.622619577549, "fx": 1624.6226195775494}, {"id": 53, "img_name": "00032.jpg", "width": 1920, "height": 1080, "position": [3.559897399115743, -0.046047426070544704, -1.3527264549046598], "rotation": [[0.2642770852972971, 0.6155732869297043, -0.7424467325036358], [-0.6210693711288814, 0.6975753383282638, 0.35729747214580765], [0.737855309957407, 0.3666853907299395, 0.5666668913858394]], "fy": 1624.622619577549, "fx": 1624.6226195775494}, {"id": 54, "img_name": "00034.jpg", "width": 1920, "height": 1080, "position": [3.524454539455055, 0.07477488500803184, -1.5202860677210663], "rotation": [[0.3118591796772776, 0.6084183171186758, -0.7297746251038698], [-0.6071281620678274, 0.7184225659321727, 0.339506128933742], [0.730848306336655, 0.33718862399836563, 0.5934345667139144]], "fy": 1624.622619577549, "fx": 1624.6226195775494}, {"id": 55, "img_name": "00035.jpg", "width": 1920, "height": 1080, "position": [3.461702174900118, 0.21198115023674613, -1.6766485812369516], "rotation": [[0.35560744007377315, 0.5985602323361726, -0.7178223992254943], [-0.5933591565183874, 0.7379797754964256, 0.32141991589513147], [0.7221275925623986, 0.3116271798542493, 0.6175922933749429]], "fy": 1624.622619577549, "fx": 1624.6226195775494}, {"id": 56, "img_name": "00036.jpg", "width": 1920, "height": 1080, "position": [3.397472374193772, 0.3266233418435242, -1.8423564623107294], "rotation": [[0.3996337626696731, 0.5858357484370087, -0.7050456237632634], [-0.5786724806977125, 0.7577375794288573, 0.30161551817579224], [0.7109367171680157, 0.2874547556999986, 0.6418245458128096]], "fy": 1624.622619577549, "fx": 1624.6226195775494}, {"id": 57, "img_name": "00037.jpg", "width": 1920, "height": 1080, "position": [3.3059012539841763, 0.47360123834274326, -1.9851935424240381], "rotation": [[0.44711974012220596, 0.5702559428716911, -0.6891241525389816], [-0.5617087225738833, 0.7785753913414791, 0.279827931025262], [0.6961086473945483, 0.2619704556185314, 0.66843416385277]], "fy": 1624.622619577549, "fx": 1624.6226195775494}, {"id": 58, "img_name": "00038.jpg", "width": 1920, "height": 1080, "position": [3.184553629626242, 0.5881264163083996, -2.132352140640794], "rotation": [[0.49368986588557096, 0.5531417735794034, -0.6710473117771345], [-0.5450998649662698, 0.7980680386282196, 0.25681421871434845], [0.6775960843567805, 0.23900122184109984, 0.6955156090432624]], "fy": 1624.622619577549, "fx": 1624.6226195775494}, {"id": 59, "img_name": "00039.jpg", "width": 1920, "height": 1080, "position": [3.038083381999097, 0.730757581145097, -2.3041359924579217], "rotation": [[0.5516794972293025, 0.5288817140185366, -0.6449293487767782], [-0.5223585361581385, 0.8219061342276349, 0.22718245139471377], [0.6502240321916368, 0.21155244998770323, 0.7296946408359112]], "fy": 1624.622619577549, "fx": 1624.6226195775494}, {"id": 60, "img_name": "00040.jpg", "width": 1920, "height": 1080, "position": [2.906101510531814, 0.8467575730110248, -2.4409098870160886], "rotation": [[0.6003774908388971, 0.5059179005641392, -0.6193496156314008], [-0.501031371517466, 0.8415809807759558, 0.2017647579521929], [0.6233092597172907, 0.18917856824956114, 0.7587470171708941]], "fy": 1624.622619577549, "fx": 1624.6226195775494}, {"id": 61, "img_name": "00042.jpg", "width": 1920, "height": 1080, "position": [2.590491452339414, 1.090319845019193, -2.680580381320331], "rotation": [[0.6968368642898194, 0.45183402961780256, -0.5570138187209278], [-0.45000768009409137, 0.8801665117879425, 0.15099668666358054], [0.5584903512354226, 0.1454404386901536, 0.8166612555830906]], "fy": 1624.622619577549, "fx": 1624.6226195775494}, {"id": 62, "img_name": "00043.jpg", "width": 1920, "height": 1080, "position": [2.4130416667656864, 1.2074836626859486, -2.8308641080500196], "rotation": [[0.7459326306641021, 0.4191413163970119, -0.5175954669425847], [-0.41869782948277284, 0.899483979634877, 0.12498279068183368], [0.5179542818598445, 0.12348735671794162, 0.8464480105912403]], "fy": 1624.622619577549, "fx": 1624.6226195775494}, {"id": 63, "img_name": "00044.jpg", "width": 1920, "height": 1080, "position": [2.0047675929208646, -1.2191414079641847, 2.4468072014698232], "rotation": [[-0.7638817184307117, 0.27186338606162824, -0.5852990855677535], [-0.43566897749351535, 0.4518499442568178, 0.7784755422778967], [0.47610635607718693, 0.8496598891287128, -0.22671746846832483]], "fy": 1624.622619577549, "fx": 1624.6226195775494}, {"id": 64, "img_name": "00045.jpg", "width": 1920, "height": 1080, "position": [2.2316821955218185, 1.315341772684105, -2.9512452975864973], "rotation": [[0.786738116184151, 0.3879797286632663, -0.48011963789183976], [-0.3881621424526446, 0.915712789502093, 0.10392419501188474], [0.47997217389093083, 0.10460314186807983, 0.87102519768474]], "fy": 1624.622619577549, "fx": 1624.6226195775494}, {"id": 65, "img_name": "00046.jpg", "width": 1920, "height": 1080, "position": [2.0530682154531457, 1.3908761746338891, -3.0443322714995844], "rotation": [[0.8203501142778052, 0.35885436115605, -0.445251880943444], [-0.35949239909815717, 0.9291305088196136, 0.0864968934196918], [0.4447368941239785, 0.0891069304818064, 0.8912177343079903]], "fy": 1624.622619577549, "fx": 1624.6226195775494}, {"id": 66, "img_name": "00047.jpg", "width": 1920, "height": 1080, "position": [1.8806240481062393, 1.4647008433989086, -3.1304093210792847], "rotation": [[0.8497716812641896, 0.32997664100435603, -0.41110036014690493], [-0.3308943736978243, 0.9409699950855492, 0.07130485119419218], [0.4103620391514757, 0.0754379529161786, 0.9087970687030518]], "fy": 1624.622619577549, "fx": 1624.6226195775494}, {"id": 67, "img_name": "00048.jpg", "width": 1920, "height": 1080, "position": [1.6915463092043443, 1.548723995212964, -3.2241067773653613], "rotation": [[0.8786225442570917, 0.2980808324415878, -0.37305528015848366], [-0.2991106959978941, 0.9525363198244484, 0.05663347909983591], [0.3722300582473829, 0.06182537299706473, 0.9260790500766786]], "fy": 1624.622619577549, "fx": 1624.6226195775494}, {"id": 68, "img_name": "00050.jpg", "width": 1920, "height": 1080, "position": [1.168390165256006, 1.6997499409662338, -3.4017249667237186], "rotation": [[0.9384195594320488, 0.21476627276948945, -0.2706366171752459], [-0.21576945510399453, 0.9760870355816125, 0.026412898622178417], [0.2698374931685451, 0.03360873473074314, 0.9623191675480198]], "fy": 1624.622619577549, "fx": 1624.6226195775494}, {"id": 69, "img_name": "00051.jpg", "width": 1920, "height": 1080, "position": [0.9507358643676395, 1.769616399737028, -3.467175152834384], "rotation": [[0.9573592570714387, 0.17944970396873094, -0.22640904718044688], [-0.180252347471273, 0.9834682545848593, 0.017299810834392602], [0.22577055638572197, 0.024248628195119228, 0.9738786679560943]], "fy": 1624.622619577549, "fx": 1624.6226195775494}, {"id": 70, "img_name": "00052.jpg", "width": 1920, "height": 1080, "position": [0.7457482927121803, 1.8204950153231112, -3.5193753696306205], "rotation": [[0.9714972888484871, 0.1472746490998706, -0.18575035798767417], [-0.14777099383423714, 0.9889576441482945, 0.011247731411131301], [0.1853557421319366, 0.016521374433293923, 0.9825325913401316]], "fy": 1624.622619577549, "fx": 1624.6226195775494}, {"id": 71, "img_name": "00053.jpg", "width": 1920, "height": 1080, "position": [0.5252590085511074, 1.867432098011015, -3.556281543568325], "rotation": [[0.9831514819755865, 0.1134836899146033, -0.14329904260871423], [-0.11375236011322443, 0.9934888844983734, 0.006343259954383371], [0.14308586253672734, 0.010064218873998347, 0.9896591066829916]], "fy": 1624.622619577549, "fx": 1624.6226195775494}, {"id": 72, "img_name": "00054.jpg", "width": 1920, "height": 1080, "position": [0.29387396184062603, 1.881392674956901, -3.576343339066075], "rotation": [[0.9922222522450863, 0.07688627681042809, -0.09789536550786561], [-0.0769770361101375, 0.9970287780365201, 0.0028551144814338556], [0.09782401577009073, 0.004702786964528219, 0.9951926174029726]], "fy": 1624.622619577549, "fx": 1624.6226195775494}, {"id": 73, "img_name": "00055.jpg", "width": 1920, "height": 1080, "position": [2.125335633659534, -1.1495871396646542, 2.365063500207265], "rotation": [[-0.7335633878390385, 0.288545174212622, -0.615326286177276], [-0.45757986705050185, 0.45973972551290426, 0.761091354605585], [0.5024991754144046, 0.8398696727611534, -0.20521576811716002]], "fy": 1624.622619577549, "fx": 1624.6226195775494}, {"id": 74, "img_name": "00056.jpg", "width": 1920, "height": 1080, "position": [0.04601344444718495, 1.8876715672301827, -3.5900589549186877], "rotation": [[0.9981833663879297, 0.036683724863356644, -0.04779405189570658], [-0.03670805123073897, 0.9993259642713493, 0.00036892814900084164], [0.04777537065582419, 0.0013861685637872666, 0.9988571431868579]], "fy": 1624.622619577549, "fx": 1624.6226195775494}, {"id": 75, "img_name": "00058.jpg", "width": 1920, "height": 1080, "position": [-0.37583971950850337, 1.897500582303851, -3.5976749518943563], "rotation": [[0.9989210134526596, -0.03078053333477369, 0.03477596368669532], [0.030772801424088028, 0.9995261180256315, 0.0007576787741908128], [-0.034782805741128936, 0.00031329257587571567, 0.9993948460306051]], "fy": 1624.622619577549, "fx": 1624.6226195775494}, {"id": 76, "img_name": "00059.jpg", "width": 1920, "height": 1080, "position": [-0.5380280480453141, 1.889681315268767, -3.591027821796749], "rotation": [[0.9960540227519638, -0.057624803482822506, 0.06749641311356262], [0.05759896207940415, 0.9983370815246004, 0.002330497869222849], [-0.06751846656290399, 0.0015664215617695921, 0.9977167949856738]], "fy": 1624.622619577549, "fx": 1624.6226195775494}, {"id": 77, "img_name": "00060.jpg", "width": 1920, "height": 1080, "position": [-0.7145785642493486, 1.877680015681023, -3.572552671596274], "rotation": [[0.9910981286295286, -0.0856327792217715, 0.10193883729865522], [0.08547115406016524, 0.9963228171979, 0.005960348518643042], [-0.10207439076805627, 0.002805539804660578, 0.9947728121012026]], "fy": 1624.622619577549, "fx": 1624.6226195775494}, {"id": 78, "img_name": "00061.jpg", "width": 1920, "height": 1080, "position": [-0.9268967151779945, 1.853781285849654, -3.540560743512055], "rotation": [[0.9824284079391493, -0.11953888878175477, 0.1433348434365202], [0.1190537481159415, 0.992815439837197, 0.011987805488033527], [-0.14373805457739597, 0.005287389686436418, 0.9896016446917464]], "fy": 1624.622619577549, "fx": 1624.6226195775494}, {"id": 79, "img_name": "00062.jpg", "width": 1920, "height": 1080, "position": [-1.1869639805040677, 1.8227235080236397, -3.5182660283579086], "rotation": [[0.9682365973147298, -0.1606582496959159, 0.1915902357246809], [0.15979256756345933, 0.9869466860209939, 0.020064254375748804], [-0.1923128362119163, 0.011187750302102981, 0.981269895223178]], "fy": 1624.622619577549, "fx": 1624.6226195775494}, {"id": 80, "img_name": "00063.jpg", "width": 1920, "height": 1080, "position": [-1.4083315183853529, 1.7796660888344846, -3.4661586358042764], "rotation": [[0.9511193050576023, -0.1993055022041707, 0.23590121733023545], [0.19809391507756105, 0.9797517097175825, 0.029075558717216374], [-0.2369195398357588, 0.01907627051122858, 0.9713419725037082]], "fy": 1624.622619577549, "fx": 1624.6226195775494}, {"id": 81, "img_name": "00064.jpg", "width": 1920, "height": 1080, "position": [-1.5971414375687558, 1.7413998711210361, -3.4078458124395126], "rotation": [[0.9337058339400213, -0.23185465668843228, 0.2728311452863446], [0.23020807887201117, 0.9723795363454837, 0.03850035998013814], [-0.27422191029971904, 0.026859923090574066, 0.9612912609834449]], "fy": 1624.622619577549, "fx": 1624.6226195775494}, {"id": 82, "img_name": "00066.jpg", "width": 1920, "height": 1080, "position": [2.2241236492470446, -1.0673239379295878, 2.28287490150178], "rotation": [[-0.7041757110366249, 0.3027609418742625, -0.6422401264803319], [-0.47712005702725124, 0.46809947234914173, 0.743800601753432], [0.5258260350804017, 0.8301919633806776, -0.1851709609246529]], "fy": 1624.622619577549, "fx": 1624.6226195775494}, {"id": 83, "img_name": "00067.jpg", "width": 1920, "height": 1080, "position": [-2.041751341843618, 1.5992139077406506, -3.2476801653945633], "rotation": [[0.8782705311852702, -0.3102170640852847, 0.363876692303656], [0.30788461014850194, 0.9491290329976411, 0.06603896996976592], [-0.36585234847578635, 0.05403195231776309, 0.9291031198115108]], "fy": 1624.622619577549, "fx": 1624.6226195775494}, {"id": 84, "img_name": "00068.jpg", "width": 1920, "height": 1080, "position": [-2.2795102826256155, 1.5112799455571322, -3.139348061696581], "rotation": [[0.839940382711233, -0.3521607312726394, 0.4128958377610836], [0.34987311893250345, 0.9330197425603342, 0.08404142217436522], [-0.4148360569421969, 0.07387137024698663, 0.9068925330591728]], "fy": 1624.622619577549, "fx": 1624.6226195775494}, {"id": 85, "img_name": "00069.jpg", "width": 1920, "height": 1080, "position": [-2.4869670245597257, 1.4174919001184547, -3.033810265440858], "rotation": [[0.8019085030730175, -0.3873376001920289, 0.45487617675217096], [0.38478654363857223, 0.9172707720648062, 0.10273094251643669], [-0.457036178583133, 0.09264941550336019, 0.8846095281382697]], "fy": 1624.622619577549, "fx": 1624.6226195775494}, {"id": 86, "img_name": "00070.jpg", "width": 1920, "height": 1080, "position": [-2.712393423412754, 1.3079436419690327, -2.904382803571755], "rotation": [[0.754933601006861, -0.4247941160596569, 0.4996250764642504], [0.4219904264020121, 0.8978385560683547, 0.1257378513500988], [-0.5019953566477099, 0.11591327015569149, 0.8570675444245642]], "fy": 1624.622619577549, "fx": 1624.6226195775494}, {"id": 87, "img_name": "00071.jpg", "width": 1920, "height": 1080, "position": [-2.933375165290478, 1.2008266501789975, -2.7507619822968445], "rotation": [[0.7041801278210837, -0.459605247541422, 0.5411962342942439], [0.4565125470311834, 0.8768655667238283, 0.15067538716459702], [-0.5438075413094082, 0.14096025796829326, 0.8272868690415246]], "fy": 1624.622619577549, "fx": 1624.6226195775494}, {"id": 88, "img_name": "00072.jpg", "width": 1920, "height": 1080, "position": [-3.139960899312586, 1.0540994538940045, -2.5906025644422006], "rotation": [[0.6475426965609232, -0.4929898516588467, 0.5810761243520476], [0.4894036745828711, 0.8535380849428811, 0.1787645962063593], [-0.5840997341511046, 0.16862308179317487, 0.7939733980752637]], "fy": 1624.622619577549, "fx": 1624.6226195775494}, {"id": 89, "img_name": "00074.jpg", "width": 1920, "height": 1080, "position": [-3.4289091295768848, 0.8289995838111179, -2.3193609903647574], "rotation": [[0.5539410143900719, -0.5386430586087392, 0.634833055211463], [0.5348454273197697, 0.8145885600308896, 0.22446791918208406], [-0.6380358308524929, 0.21519556984153768, 0.739324790108478]], "fy": 1624.622619577549, "fx": 1624.6226195775494}, {"id": 90, "img_name": "00075.jpg", "width": 1920, "height": 1080, "position": [-3.5366636373835627, 0.7238410689492315, -2.19491411157068], "rotation": [[0.5119683676518606, -0.5562753654768762, 0.6545579487619543], [0.552424772624634, 0.796737596400333, 0.24502259706574253], [-0.657810961534171, 0.23615020695690161, 0.7152047389661941]], "fy": 1624.622619577549, "fx": 1624.6226195775494}, {"id": 91, "img_name": "00076.jpg", "width": 1920, "height": 1080, "position": [-3.654421388771974, 0.5847572374012961, -2.0172859820406615], "rotation": [[0.4534807244357946, -0.5775303987372173, 0.6788327268919919], [0.5737239027401824, 0.77201917334329, 0.27354575378703416], [-0.6820528689110255, 0.26541483478655425, 0.6814388083206485]], "fy": 1624.622619577549, "fx": 1624.6226195775494}, {"id": 92, "img_name": "00077.jpg", "width": 1920, "height": 1080, "position": [2.3437296269511982, -1.0107736299001242, 2.199512060384774], "rotation": [[-0.6732888992896183, 0.31714749957009447, -0.667906821053514], [-0.49665981896946565, 0.475197009019766, 0.7263035362986237], [0.5477326741345556, 0.8207345893375673, -0.16243045142553503]], "fy": 1624.622619577549, "fx": 1624.6226195775494}, {"id": 93, "img_name": "00078.jpg", "width": 1920, "height": 1080, "position": [-3.7661257175022294, 0.4600657022733846, -1.814466773626017], "rotation": [[0.3933317049367446, -0.5966680977729323, 0.6994836316823893], [0.5929511240157609, 0.7460657778404726, 0.30297659920154935], [-0.7026372708731008, 0.29558930331681693, 0.6472463436317577]], "fy": 1624.622619577549, "fx": 1624.6226195775494}, {"id": 94, "img_name": "00079.jpg", "width": 1920, "height": 1080, "position": [-3.8496170978931192, 0.3106707572193527, -1.615273365321595], "rotation": [[0.33114164640958993, -0.6134393426790752, 0.7169640038848606], [0.6093843127133074, 0.7191572350044837, 0.3338616940585364], [-0.7204137487805712, 0.3263511057039184, 0.6119632230565444]], "fy": 1624.622619577549, "fx": 1624.6226195775494}, {"id": 95, "img_name": "00080.jpg", "width": 1920, "height": 1080, "position": [-3.901438517539753, 0.16152822910342549, -1.4537069693472562], "rotation": [[0.27592073576395804, -0.625709011919951, 0.7296272883997929], [0.6215890037513144, 0.695158112549728, 0.36108490548865113], [-0.7331404081012889, 0.3538974865105125, 0.5807423792445471]], "fy": 1624.622619577549, "fx": 1624.6226195775494}, {"id": 96, "img_name": "00082.jpg", "width": 1920, "height": 1080, "position": [-3.994494451137026, -0.08837590929026425, -1.1065592202177597], "rotation": [[0.167764813551195, -0.6436165096111375, 0.7467347292647568], [0.63895403870776, 0.6478194883755904, 0.41481037462897496], [-0.750728115733769, 0.4075385859483307, 0.5199226838771895]], "fy": 1624.622619577549, "fx": 1624.6226195775494}, {"id": 97, "img_name": "00083.jpg", "width": 1920, "height": 1080, "position": [-4.027338303294525, -0.23788914183743484, -0.9423553237525516], "rotation": [[0.11078946666801404, -0.6488897963579197, 0.7527733565011413], [0.6443482185323383, 0.6235730458479408, 0.44268728213731634], [-0.7566644351029187, 0.4360030833314133, 0.48719630948507975]], "fy": 1624.622619577549, "fx": 1624.6226195775494}, {"id": 98, "img_name": "00084.jpg", "width": 1920, "height": 1080, "position": [-4.044545149886159, -0.36071247296703474, -0.800156646186003], "rotation": [[0.06053228089450342, -0.6514453301396069, 0.756276949806754], [0.6474101599044615, 0.6023059742107872, 0.46699849922935943], [-0.7597341165316904, 0.461352896673786, 0.4582112797700626]], "fy": 1624.622619577549, "fx": 1624.6226195775494}, {"id": 99, "img_name": "00085.jpg", "width": 1920, "height": 1080, "position": [-4.057140205841311, -0.49973430855992024, -0.6324226252474154], "rotation": [[0.004410397727329098, -0.652072081327564, 0.7581441479989312], [0.6486534840374417, 0.5788783149621168, 0.4941139080340771], [-0.7610710913166883, 0.4895936041450695, 0.42552191100137954]], "fy": 1624.622619577549, "fx": 1624.6226195775494}, {"id": 100, "img_name": "00086.jpg", "width": 1920, "height": 1080