[{"id": 0, "img_name": "00001.jpg", "width": 1920, "height": 1080, "position": [2.20185278369327, 2.056593307472038, -1.0913348431238576], "rotation": [[0.7949303350024995, 0.28863684019734837, -0.5336427053504099], [-0.3908930813933393, 0.9163482574328453, -0.08665142825486605], [0.46399176868952563, 0.27747909034858526, 0.8412591711284266]], "fy": 1625.6299691974618, "fx": 1625.6299691974614}, {"id": 1, "img_name": "00009.jpg", "width": 1920, "height": 1080, "position": [1.38921365920247, 2.3799061235643273, -1.4872744085751355], "rotation": [[0.9144556814789576, 0.19249000108253844, -0.3559752886003454], [-0.26528582389209077, 0.9494017090310983, -0.16810659276400858], [0.30560470914688054, 0.24816122656868458, 0.9192506553574907]], "fy": 1625.6299691974618, "fx": 1625.6299691974614}, {"id": 2, "img_name": "00017.jpg", "width": 1920, "height": 1080, "position": [-0.08472028791678943, 2.644496224966016, -1.7799310749311315], "rotation": [[0.9997808019166735, -0.013956026316898457, -0.015606967940480684], [0.010128361244994988, 0.9747979125881139, -0.22285970006339542], [0.018323875609271033, 0.2226527766350506, 0.9747255904301261]], "fy": 1625.6299691974618, "fx": 1625.6299691974614}, {"id": 3, "img_name": "00025.jpg", "width": 1920, "height": 1080, "position": [-1.5951956273147028, 2.4895510153468425, -1.7008659137122522], "rotation": [[0.933130827861367, -0.19244992726474466, 0.3036937332092226], [0.256677614880877, 0.948058668740682, -0.18788656855855776], [-0.2517607199581065, 0.2532741323574911, 0.9340603587374511]], "fy": 1625.6299691974618, "fx": 1625.6299691974614}, {"id": 4, "img_name": "00033.jpg", "width": 1920, "height": 1080, "position": [-3.1662428016106126, 1.8107569395635608, -1.1207822223417516], "rotation": [[0.667515872779312, -0.3851395330880379, 0.6372519906915957], [0.5224880791620637, 0.8520325246859786, -0.032354041645119666], [-0.5304986019974138, 0.35455340490533344, 0.7699760492046647]], "fy": 1625.6299691974618, "fx": 1625.6299691974614}, {"id": 5, "img_name": "00041.jpg", "width": 1920, "height": 1080, "position": [-4.308330844299261, 0.23652969968093837, 0.4828297334453535], "rotation": [[0.13567647584880624, -0.505843757233792, 0.8518884828243946], [0.6844943220708779, 0.6694938070551402, 0.288523075970613], [-0.7162816603501568, 0.5439670353821223, 0.43708174002537237]], "fy": 1625.6299691974618, "fx": 1625.6299691974614}, {"id": 6, "img_name": "00049.jpg", "width": 1920, "height": 1080, "position": [-3.847366084908054, -1.6310328593641155, 2.353772742888929], "rotation": [[-0.5085767856506788, -0.44256452583015554, 0.7385704391416925], [0.5916230053901419, 0.4435999202786926, 0.6732022951697901], [-0.6255652424730445, 0.7793303222674368, 0.036226733280465155]], "fy": 1625.6299691974618, "fx": 1625.6299691974614}, {"id": 7, "img_name": "00057.jpg", "width": 1920, "height": 1080, "position": [-2.1890138943339283, -2.8434549993180616, 3.582506570954147], "rotation": [[-0.8909950391648019, -0.23991964510337507, 0.3854431269035461], [0.30495235849504415, 0.31269580169210803, 0.899569560763613], [-0.33635085733802234, 0.9190538066389803, -0.2054463464517605]], "fy": 1625.6299691974618, "fx": 1625.6299691974614}, {"id": 8, "img_name": "00065.jpg", "width": 1920, "height": 1080, "position": [0.6264048056356948, -3.1473845099800157, 3.9127524005932326], "rotation": [[-0.9787306334507181, 0.09083318666416444, -0.18394477254216574], [-0.15122350746647403, 0.28645848860775247, 0.9460829694556918], [0.13862827249408144, 0.9537771576762546, -0.26662958493068883]], "fy": 1625.6299691974618, "fx": 1625.6299691974614}, {"id": 9, "img_name": "00073.jpg", "width": 1920, "height": 1080, "position": [3.2604725536721233, -2.085662942910433, 2.811550827873985], "rotation": [[-0.6223045625948609, 0.3772928053155522, -0.6858477749695914], [-0.5512623586919613, 0.4108149269391377, 0.7261824203968079], [0.5557399061278522, 0.8299886956224833, -0.04766468164054136]], "fy": 1625.6299691974618, "fx": 1625.6299691974614}, {"id": 10, "img_name": "00081.jpg", "width": 1920, "height": 1080, "position": [4.227577453421458, -0.22260493847760168, 0.8580983474525503], "rotation": [[-0.03117058216183391, 0.4883809119376058, -0.8720736664196923], [-0.6956226501209596, 0.6159230325198312, 0.36979446541324523], [0.7177308154499048, 0.6181609037027233, 0.320530144740003]], "fy": 1625.6299691974618, "fx": 1625.6299691974614}, {"id": 11, "img_name": "00089.jpg", "width": 1920, "height": 1080, "position": [3.53808717961554, 1.403711312100334, -0.9310597235967268], "rotation": [[0.5094092099098767, 0.42415252186317504, -0.7487301884231088], [-0.5956942175293325, 0.8017224050530785, 0.04888337588612177], [0.6210077745577035, 0.42111260184541666, 0.661069981549512]], "fy": 1625.6299691974618, "fx": 1625.6299691974614}, {"id": 12, "img_name": "00097.jpg", "width": 1920, "height": 1080, "position": [1.9195625594119037, 2.5141721885473403, -2.0323444104121893], "rotation": [[0.8689995398151108, 0.24366956602880424, -0.43065640874420985], [-0.33960610301084815, 0.9266962785504749, -0.1609400575322565], [0.3598714973416357, 0.2861103806436164, 0.888050311350125]], "fy": 1625.6299691974618, "fx": 1625.6299691974614}, {"id": 13, "img_name": "00105.jpg", "width": 1920, "height": 1080, "position": [1.149883270995892, 1.4301887471400374, -1.855628631941959], "rotation": [[0.9308925005091149, 0.24454163441515026, -0.271364223016695], [-0.24483716251930165, 0.9689915279916983, 0.03331940170247912], [0.27109761405328636, 0.03542326520637412, 0.9618998263523776]], "fy": 1625.6299691974618, "fx": 1625.6299691974614}, {"id": 14, "img_name": "00113.jpg", "width": 1920, "height": 1080, "position": [-0.11012225908812902, 1.6364126442015114, -2.066979645321709], "rotation": [[0.9999807695768355, 5.8654402892079715e-05, 0.006201373733379885], [-6.0200444502433125e-05, 0.9999999671575803, 0.00024911994069440595], [-0.006201358917730397, -0.00024948847546780295, 0.9999807402660684]], "fy": 1625.6299691974618, "fx": 1625.6299691974614}, {"id": 15, "img_name": "00121.jpg", "width": 1920, "height": 1080, "position": [-1.5850780980594696, 1.431278662794602, -1.8584024499364211], "rotation": [[0.9072764010330892, -0.28407011187103626, 0.3100866067246726], [0.2825091041034031, 0.9579104269424645, 0.050953116230489245], [-0.3115094512645442, 0.04137372954523254, 0.9493419174756694]], "fy": 1625.6299691974618, "fx": 1625.6299691974614}, {"id": 16, "img_name": "00129.jpg", "width": 1920, "height": 1080, "position": [-3.0376544956490443, 0.4388883465590181, -0.9767919515362048], "rotation": [[0.516146520944284, -0.5923082115175557, 0.6186790375356079], [0.5840165269815658, 0.7717554133263858, 0.25163123457514075], [-0.6265121428428201, 0.23144019653096948, 0.7442566562014776]], "fy": 1625.6299691974618, "fx": 1625.6299691974614}, {"id": 17, "img_name": "00137.jpg", "width": 1920, "height": 1080, "position": [-3.6019654037450306, -0.5756485497196561, 0.025748830458721287], "rotation": [[0.07098878133687503, -0.6910324212033179, 0.719329400045755], [0.6759553922867082, 0.5636389907908167, 0.4747582497427845], [-0.7335154398939586, 0.45253207721242256, 0.5071191364275086]], "fy": 1625.6299691974618, "fx": 1625.6299691974614}, {"id": 18, "img_name": "00145.jpg", "width": 1920, "height": 1080, "position": [-2.871924157889693, -2.2558884638210612, 1.7886568561947924], "rotation": [[-0.631398467273183, -0.55149639402814, 0.5451492482788849], [0.5144073161518502, 0.22818127200257832, 0.8266307641243071], [-0.5802767345108067, 0.8023621591782876, 0.13962047451656565]], "fy": 1625.6299691974618, "fx": 1625.6299691974614}, {"id": 19, "img_name": "00153.jpg", "width": 1920, "height": 1080, "position": [-1.5175820059263292, -2.9591220643980387, 2.557983319228003], "rotation": [[-0.924038230994899, -0.2886486077118044, 0.2506697606929381], [0.23629797390980814, 0.08420701999470528, 0.9680250230803596], [-0.30052722869307136, 0.9537248864581694, -0.009603424619073235]], "fy": 1625.6299691974618, "fx": 1625.6299691974614}, {"id": 20, "img_name": "00161.jpg", "width": 1920, "height": 1080, "position": [0.4952331979335241, -3.117202823115423, 2.709017443020549], "rotation": [[-0.9762643877782321, 0.11962583322871671, -0.1805477919563918], [-0.175088915083718, 0.054758910708012164, 0.983028653454658], [0.12748222217548572, 0.9913077835477772, -0.03251401708175826]], "fy": 1625.6299691974618, "fx": 1625.6299691974614}, {"id": 21, "img_name": "00169.jpg", "width": 1920, "height": 1080, "position": [1.9953362877604754, -2.6465482658600505, 2.2066001864655536], "rotation": [[-0.7637175250178578, 0.4199574060638791, -0.490276778027163], [-0.4727337160731382, 0.1533635357347042, 0.8677571432115276], [0.4396116191233797, 0.8944917009112204, 0.08140160522171717]], "fy": 1625.6299691974618, "fx": 1625.6299691974614}, {"id": 22, "img_name": "00177.jpg", "width": 1920, "height": 1080, "position": [3.206163588264158, -1.2365347105160844, 0.7732037281251704], "rotation": [[-0.19329912681100345, 0.6626106314625612, -0.7235900763877913], [-0.7011352727088803, 0.42260709752079967, 0.5742931050330391], [0.6863270189476351, 0.6183448812740601, 0.382890102855403]], "fy": 1625.6299691974618, "fx": 1625.6299691974614}, {"id": 23, "img_name": "00185.jpg", "width": 1920, "height": 1080, "position": [2.78913716067039, 0.4674569989364214, -1.0029804323394025], "rotation": [[0.5033574154572928, 0.5994691765890875, -0.6223086200782981], [-0.6168905994583864, 0.7536097784948507, 0.22697640859088125], [0.605043222095766, 0.2696460792901381, 0.7491419700693785]], "fy": 1625.6299691974618, "fx": 1625.6299691974614}, {"id": 24, "img_name": "00193.jpg", "width": 1920, "height": 1080, "position": [1.805512376597641, 1.197480335478894, -1.79233108851151], "rotation": [[0.8116111899793158, 0.4136452728805048, -0.41253468281342304], [-0.42187217661739057, 0.9034709572290462, 0.07592164407951224], [0.40411773395443057, 0.1124180486721046, 0.9077725703260108]], "fy": 1625.6299691974618, "fx": 1625.6299691974614}, {"id": 25, "img_name": "00002.jpg", "width": 1920, "height": 1080, "position": [2.1718151563544383, 2.0688876479816676, -1.1082223226669972], "rotation": [[0.7955982808773742, 0.28790118938358655, -0.5330443514535005], [-0.39166914994547797, 0.9156923282902064, -0.09001575912831794], [0.4621889791480899, 0.28039341123139266, 0.84128525631445]], "fy": 1625.6299691974618, "fx": 1625.6299691974614}, {"id": 26, "img_name": "00003.jpg", "width": 1920, "height": 1080, "position": [2.147040108494263, 2.080209142023094, -1.1143873160066713], "rotation": [[0.7971272920065768, 0.2870036572701886, -0.5312409820898588], [-0.391788684312842, 0.9153037022112659, -0.09338500716261931], [0.4594449990833221, 0.28257394329960134, 0.8420583467821215]], "fy": 1625.6299691974618, "fx": 1625.6299691974614}, {"id": 27, "img_name": "00004.jpg", "width": 1920, "height": 1080, "position": [2.0976852698838946, 2.1047731852041176, -1.1403727843025393], "rotation": [[0.8059901950047184, 0.28119834712915415, -0.5208716685788235], [-0.38518585869815253, 0.917316498499473, -0.10080821315564154], [0.44945707227189446, 0.2818828323124664, 0.8476617303100802]], "fy": 1625.6299691974618, "fx": 1625.6299691974614}, {"id": 28, "img_name": "00005.jpg", "width": 1920, "height": 1080, "position": [2.0056818158157728, 2.157229036761419, -1.1997781517414234], "rotation": [[0.8251715883395331, 0.2684898530840447, -0.4969960247206413], [-0.3686786276088709, 0.9225738144817573, -0.11372610244363184], [0.42798121377188003, 0.27707536091014656, 0.8602681704183065]], "fy": 1625.6299691974618, "fx": 1625.6299691974614}, {"id": 29, "img_name": "00006.jpg", "width": 1920, "height": 1080, "position": [1.870735150987439, 2.2025871421220367, -1.2829694371178384], "rotation": [[0.846259751035331, 0.2537096132619698, -0.4684825139918045], [-0.34872386590910864, 0.9285735001577692, -0.12705479192126354], [0.4027854256586571, 0.2708923899691745, 0.8742889762165386]], "fy": 1625.6299691974618, "fx": 1625.6299691974614}, {"id": 30, "img_name": "00007.jpg", "width": 1920, "height": 1080, "position": [1.7267384317045016, 2.262551475727892, -1.357415680086675], "rotation": [[0.8679304738734399, 0.23675208216132598, -0.43662929827727165], [-0.3257194220879013, 0.93496892672909, -0.14049898265032712], [0.37497139970476345, 0.26416199129195345, 0.8886027750126152]], "fy": 1625.6299691974618, "fx": 1625.6299691974614}, {"id": 31, "img_name": "00008.jpg", "width": 1920, "height": 1080, "position": [1.547481951805885, 2.3522643246241937, -1.4189650659709978], "rotation": [[0.8939479733111972, 0.21390513522617655, -0.39382942263964205], [-0.29417492085312663, 0.9430074927100006, -0.1555570140940441], [0.3381096522636693, 0.2549146167183614, 0.9059251631506167]], "fy": 1625.6299691974618, "fx": 1625.6299691974614}, {"id": 32, "img_name": "00010.jpg", "width": 1920, "height": 1080, "position": [1.2053722426056988, 2.458397269475345, -1.5537723437020134], "rotation": [[0.932237735537127, 0.1705310210400703, -0.319142562663836], [-0.23612950111809852, 0.9550080237866031, -0.17945064281000775], [0.2741818067310946, 0.24264963500124653, 0.9305619224379613]], "fy": 1625.6299691974618, "fx": 1625.6299691974614}, {"id": 33, "img_name": "00011.jpg", "width": 1920, "height": 1080, "position": [1.0379088321240637, 2.509579789936751, -1.586663183239831], "rotation": [[0.9485531898773497, 0.1474992970894512, -0.2801621018832172], [-0.20541318030232503, 0.9600493050375482, -0.19002830645723495], [0.24094038958130062, 0.23780094460501644, 0.9409561304404009]], "fy": 1625.6299691974618, "fx": 1625.6299691974614}, {"id": 34, "img_name": "00012.jpg", "width": 1920, "height": 1080, "position": [0.8371983391006462, 2.5420615584552118, -1.609470148314489], "rotation": [[0.9631449502880618, 0.12304750947233456, -0.23918845111598203], [-0.17277302900880923, 0.964543827552489, -0.19951111542346595], [0.20615839828085575, 0.23348343654968354, 0.9502548077622245]], "fy": 1625.6299691974618, "fx": 1625.6299691974614}, {"id": 35, "img_name": "00013.jpg", "width": 1920, "height": 1080, "position": [0.6444742316538252, 2.5627403665135002, -1.6246350626845478], "rotation": [[0.9737565176334804, 0.10163523308825499, -0.20363821783106809], [-0.14415782516401457, 0.9678109817655315, -0.2063017814223123], [0.1761157738826902, 0.23024374686217686, 0.9570637654934842]], "fy": 1625.6299691974618, "fx": 1625.6299691974614}, {"id": 36, "img_name": "00014.jpg", "width": 1920, "height": 1080, "position": [0.5275170923639261, 2.5485675082918076, -1.6502193642101755], "rotation": [[0.9823863015819102, 0.08022820238708463, -0.16876193292906194], [-0.11561837170254698, 0.9704778560594771, -0.211672206543638], [0.14679763822714553, 0.2274558560247193, 0.9626600059060281]], "fy": 1625.6299691974618, "fx": 1625.6299691974614}, {"id": 37, "img_name": "00015.jpg", "width": 1920, "height": 1080, "position": [0.33721348618695335, 2.5807335114766095, -1.7107494363562892], "rotation": [[0.9923390504329228, 0.046413430180322936, -0.1144945522056902], [-0.07062879151440715, 0.9734981556906591, -0.21751532055489714], [0.10136460326514202, 0.22393555851133054, 0.9693183598999446]], "fy": 1625.6299691974618, "fx": 1625.6299691974614}, {"id": 38, "img_name": "00016.jpg", "width": 1920, "height": 1080, "position": [0.14540991226448924, 2.628284703957666, -1.7474189821438064], "rotation": [[0.9975118983697362, 0.017889112320307998, -0.068190851814569], [-0.03258370558326699, 0.9747455612795495, -0.22092847914263758], [0.0625165157479852, 0.2226006972725092, 0.9729031888284285]], "fy": 1625.6299691974618, "fx": 1625.6299691974614}, {"id": 39, "img_name": "00018.jpg", "width": 1920, "height": 1080, "position": [-0.3983970987924746, 2.6484514023843895, -1.7875099548077453], "rotation": [[0.9973705494496135, -0.0525764256676674, 0.049876914044361474], [0.06241350396024538, 0.9729422214594351, -0.22245895851815867], [-0.036831258653225674, 0.2249870066594772, 0.9736653969513487]], "fy": 1625.6299691974618, "fx": 1625.6299691974614}, {"id": 40, "img_name": "00019.jpg", "width": 1920, "height": 1080, "position": [-0.577847454519449, 2.634311278511595, -1.819287503920016], "rotation": [[0.9934139560314161, -0.0740576151457762, 0.08743101052219122], [0.09187573027967764, 0.9707972262291092, -0.22161136191866052], [-0.0684657735484478, 0.22818460768594298, 0.9712076104868747]], "fy": 1625.6299691974618, "fx": 1625.6299691974614}, {"id": 41, "img_name": "00020.jpg", "width": 1920, "height": 1080, "position": [-0.7164576076895168, 2.6428718274156076, -1.8425182659878714], "rotation": [[0.9878331634739483, -0.0941994869988877, 0.1237420615239539], [0.11983117561828324, 0.9682131244251728, -0.2195537178933319], [-0.099126840416669, 0.23171060040488223, 0.9677210688876302]], "fy": 1625.6299691974618, "fx": 1625.6299691974614}, {"id": 42, "img_name": "00021.jpg", "width": 1920, "height": 1080, "position": [-0.8978298919134593, 2.6330664505090966, -1.827634235437224], "rotation": [[0.9793644756355758, -0.11668684055397273, 0.1650133482618465], [0.15119076684164443, 0.9648258646282512, -0.21506371838639624], [-0.13411404059564086, 0.23557426044854599, 0.962558149894972]], "fy": 1625.6299691974618, "fx": 1625.6299691974614}, {"id": 43, "img_name": "00022.jpg", "width": 1920, "height": 1080, "position": [-1.0500354083461199, 2.581564010233238, -1.8159164703375286], "rotation": [[0.9734882865333252, -0.12895997909228232, 0.18891765342320122], [0.1685974816989905, 0.9627015177423354, -0.2116144534320907], [-0.1545815161886091, 0.23785523229292654, 0.9589209786649309]], "fy": 1625.6299691974618, "fx": 1625.6299691974614}, {"id": 44, "img_name": "00023.jpg", "width": 1920, "height": 1080, "position": [-1.2052903782618456, 2.555042745600062, -1.7895157133781148], "rotation": [[0.9667165237767299, -0.14136685883360386, 0.21324768200511557], [0.1862238225849282, 0.9603274803352793, -0.20758568933033683], [-0.1754418723078734, 0.24038831447558726, 0.9546903203158048]], "fy": 1625.6299691974618, "fx": 1625.6299691974614}, {"id": 45, "img_name": "00024.jpg", "width": 1920, "height": 1080, "position": [-1.3185307631250414, 2.541023582706827, -1.7509165024854767], "rotation": [[0.9583532599836607, -0.1553531866245686, 0.23963392181467463], [0.20585861644002165, 0.9573759079720056, -0.20261688200191477], [-0.19794256519528505, 0.24350925699112502, 0.949485114492871]], "fy": 1625.6299691974618, "fx": 1625.6299691974614}, {"id": 46, "img_name": "00026.jpg", "width": 1920, "height": 1080, "position": [-1.8483111319166818, 2.422091297614047, -1.663849884119952], "rotation": [[0.9046746920456777, -0.22583650525966506, 0.36133305199519133], [0.302522570586642, 0.9376006315189594, -0.1714209732235195], [-0.3000729842183542, 0.26439161988865995, 0.916544202684705]], "fy": 1625.6299691974618, "fx": 1625.6299691974614}, {"id": 47, "img_name": "00027.jpg", "width": 1920, "height": 1080, "position": [-2.0766752055280655, 2.3559361630785998, -1.6092698289960146], "rotation": [[0.8777885564171946, -0.25224335495087447, 0.40725979436490484], [0.3389069861197954, 0.9278305663903971, -0.15579632483108022], [-0.3385694980092184, 0.2747794205445558, 0.8999260886667215]], "fy": 1625.6299691974618, "fx": 1625.6299691974614}, {"id": 48, "img_name": "00028.jpg", "width": 1920, "height": 1080, "position": [-2.2794406830639193, 2.248325824589951, -1.5620293282650437], "rotation": [[0.8467867463479873, -0.2783635171308881, 0.45328352996762533], [0.37514938698644684, 0.9166489196579026, -0.13790466102961502], [-0.3771142315705978, 0.2868248776178971, 0.8806340590315571]], "fy": 1625.6299691974618, "fx": 1625.6299691974614}, {"id": 49, "img_name": "00029.jpg", "width": 1920, "height": 1080, "position": [-2.495392151866394, 2.163022101960201, -1.4784816428622147], "rotation": [[0.8152984967212394, -0.3017278949121547, 0.4942151744695491], [0.40738543192247917, 0.9054343422951616, -0.11927179737835353], [-0.41149176310276503, 0.29857817941773257, 0.8611188069448781]], "fy": 1625.6299691974618, "fx": 1625.6299691974614}, {"id": 50, "img_name": "00030.jpg", "width": 1920, "height": 1080, "position": [-2.658823112612285, 2.0920523886237317, -1.4243872503589128], "rotation": [[0.7859812760198773, -0.3211172403050506, 0.5283153903919834], [0.4342498052835063, 0.8949932725583268, -0.10204973633759934], [-0.44006879048326336, 0.3096300373901168, 0.8428930534702445]], "fy": 1625.6299691974618, "fx": 1625.6299691974614}, {"id": 51, "img_name": "00031.jpg", "width": 1920, "height": 1080, "position": [-2.8344993380207546, 2.007655716423486, -1.3336580908780176], "rotation": [[0.750290217990606, -0.3429886042224293, 0.5651755534001435], [0.4642246241416525, 0.8820049215328452, -0.08101121362120847], [-0.47070169654267263, 0.3231503299787721, 0.8209834207256932]], "fy": 1625.6299691974618, "fx": 1625.6299691974614}, {"id": 52, "img_name": "00032.jpg", "width": 1920, "height": 1080, "position": [-2.9753533732778665, 1.9333804112253767, -1.2402522119626789], "rotation": [[0.7128804209800036, -0.36348201574680983, 0.5997352162513127], [0.49245390738977235, 0.8683303129253812, -0.05908990397229361], [-0.4992901505937387, 0.3374659862616457, 0.7980138179483713]], "fy": 1625.6299691974618, "fx": 1625.6299691974614}, {"id": 53, "img_name": "00034.jpg", "width": 1920, "height": 1080, "position": [-3.346500495617085, 1.6773927098395818, -0.9847117273501006], "rotation": [[0.6211426059190104, -0.4041712253684203, 0.6714368799048278], [0.5489618376943467, 0.8358341357332021, -0.004711507017548488], [-0.5593056086500354, 0.37151974123499865, 0.7410467718068092]], "fy": 1625.6299691974618, "fx": 1625.6299691974614}, {"id": 54, "img_name": "00035.jpg", "width": 1920, "height": 1080, "position": [-3.540744326911946, 1.4816635058969228, -0.8325718570428293], "rotation": [[0.5652892212918897, -0.4239854841993008, 0.707590563447177], [0.5763005212004964, 0.8167240294749589, 0.02897531608494411], [-0.5901913296171378, 0.3914053766448166, 0.706028346157776]], "fy": 1625.6299691974618, "fx": 1625.6299691974614}, {"id": 55, "img_name": "00036.jpg", "width": 1920, "height": 1080, "position": [-3.7164350402772963, 1.317007760813457, -0.6500938141430942], "rotation": [[0.5086913743731718, -0.4413559384864143, 0.7392144622510506], [0.5995783100975771, 0.7977754290949475, 0.0637198147588801], [-0.6178502534586088, 0.4108032379316756, 0.6704489272166703]], "fy": 1625.6299691974618, "fx": 1625.6299691974614}, {"id": 56, "img_name": "00037.jpg", "width": 1920, "height": 1080, "position": [-3.8885784489332673, 1.0959755878199795, -0.4355672005244799], "rotation": [[0.43630556322691366, -0.4604041748754101, 0.7730882557991284], [0.6249066299883793, 0.7732202524629642, 0.10780605260224013], [-0.6474018530200641, 0.4360715961151366, 0.6250699191032828]], "fy": 1625.6299691974618, "fx": 1625.6299691974614}, {"id": 57, "img_name": "00038.jpg", "width": 1920, "height": 1080, "position": [-4.053815062825994, 0.8723577296032334, -0.2006207478001216], "rotation": [[0.35059424201196726, -0.4785517686731831, 0.8050291188322459], [0.648955510699237, 0.7439003384243218, 0.15959019902635632], [-0.6752336059477092, 0.46647667807935256, 0.5713659827176498]], "fy": 1625.6299691974618, "fx": 1625.6299691974614}, {"id": 58, "img_name": "00039.jpg", "width": 1920, "height": 1080, "position": [-4.191555195380845, 0.6303832937717636, 0.08847474508931877], "rotation": [[0.26176034913327356, -0.4929480415752344, 0.8297492078506418], [0.667860809829865, 0.7131590714447127, 0.21299313958320762], [-0.6967377256292523, 0.4984038193305261, 0.5158974457794113]], "fy": 1625.6299691974618, "fx": 1625.6299691974614}, {"id": 59, "img_name": "00040.jpg", "width": 1920, "height": 1080, "position": [-4.268817870592644, 0.4020848565757626, 0.30908664852726936], "rotation": [[0.1878183573804837, -0.5015844483802128, 0.8444745737877573], [0.6790759271230183, 0.6874930844198723, 0.2573113757237776], [-0.7096338139018672, 0.5251345542029848, 0.4697377461404635]], "fy": 1625.6299691974618, "fx": 1625.6299691974614}, {"id": 60, "img_name": "00042.jpg", "width": 1920, "height": 1080, "position": [-4.334459429373935, 0.0509703222567226, 0.6454942871024566], "rotation": [[0.07579684101933165, -0.5095934374029487, 0.8570702231715535], [0.6882997192092383, 0.6486507768772356, 0.324800963965691], [-0.7214557057976415, 0.5653023069229467, 0.3999186996873503]], "fy": 1625.6299691974618, "fx": 1625.6299691974614}, {"id": 61, "img_name": "00043.jpg", "width": 1920, "height": 1080, "position": [-4.35121790851702, -0.20941938702001917, 0.8871374124192327], "rotation": [[-0.00962166605853776, -0.5110859699994188, 0.8594757441673446], [0.6896748810652971, 0.6189737382940041, 0.37579258871073246], [-0.7240552340600998, 0.5963745824329693, 0.3465275969646216]], "fy": 1625.6299691974618, "fx": 1625.6299691974614}, {"id": 62, "img_name": "00044.jpg", "width": 1920, "height": 1080, "position": [-4.343769968775211, -0.46251433556907123, 1.1500282677686795], "rotation": [[-0.10126019833418688, -0.5091454039889448, 0.8547030652982678], [0.6857819476635114, 0.5866680001480312, 0.4307247123873325], [-0.7207284457353977, 0.6297552025979967, 0.2897566087401535]], "fy": 1625.6299691974618, "fx": 1625.6299691974614}, {"id": 63, "img_name": "00045.jpg", "width": 1920, "height": 1080, "position": [-4.2988024178036985, -0.7030460502444211, 1.3913081671177436], "rotation": [[-0.18898812965364423, -0.5029154627764962, 0.8434213206638305], [0.6766703362563464, 0.555728650043971, 0.4829937096391927], [-0.7116183969521449, 0.6619982664785521, 0.23528185713873315]], "fy": 1625.6299691974618, "fx": 1625.6299691974614}, {"id": 64, "img_name": "00046.jpg", "width": 1920, "height": 1080, "position": [-4.240696714705045, -0.9320911904125267, 1.6403436552257245], "rotation": [[-0.2699243481936201, -0.4929543053410983, 0.8271256851881246], [0.6635989890842766, 0.5271929146312523, 0.5307579603255435], [-0.6976942223772356, 0.6921442650259266, 0.18482177483495896]], "fy": 1625.6299691974618, "fx": 1625.6299691974614}, {"id": 65, "img_name": "00047.jpg", "width": 1920, "height": 1080, "position": [-4.155085442399983, -1.1570167537879186, 1.8779087669889403], "rotation": [[-0.35198641349678184, -0.4795352165768288, 0.8038355184839037], [0.6447115768955992, 0.49838183047706813, 0.5796227511641658], [-0.6785665386168567, 0.7222613980498618, 0.13373827259463578]], "fy": 1625.6299691974618, "fx": 1625.6299691974614}, {"id": 66, "img_name": "00048.jpg", "width": 1920, "height": 1080, "position": [-4.032665947941325, -1.3799323209863126, 2.0948837197209538], "rotation": [[-0.42910050730201105, -0.46323580252251606, 0.7754259125760999], [0.6216122985338876, 0.47140566521772875, 0.6255995916814906], [-0.6553402970553345, 0.7504593860176252, 0.08567266187924165]], "fy": 1625.6299691974618, "fx": 1625.6299691974614}, {"id": 67, "img_name": "00050.jpg", "width": 1920, "height": 1080, "position": [-3.602927809340034, -1.8810527259644072, 2.6201187650934368], "rotation": [[-0.5877184708298087, -0.4174159451937983, 0.6930735370387763], [0.5544457149973745, 0.4160677686624855, 0.7207479177918386], [-0.5892172334262824, 0.8078685168876112, -0.013096230575606296]], "fy": 1625.6299691974618, "fx": 1625.6299691974614}, {"id": 68, "img_name": "00051.jpg", "width": 1920, "height": 1080, "position": [-3.3863835836894283, -2.115850633935852, 2.8182027565568935], "rotation": [[-0.6558473794385355, -0.3904814153253666, 0.6460560959925256], [0.5160614850189104, 0.3926945008497219, 0.7612303019996408], [-0.5509489618500809, 0.8326555670190923, -0.05603524023711906]], "fy": 1625.6299691974618, "fx": 1625.6299691974614}, {"id": 69, "img_name": "00052.jpg", "width": 1920, "height": 1080, "position": [-3.2569507723454847, -2.2512882625605206, 2.9564666853367734], "rotation": [[-0.7010334258030413, -0.3685117295010075, 0.6105335708435918], [0.4871816530236221, 0.37772396459144403, 0.7873872259126969], [-0.5207745893033013, 0.8494255186851272, -0.08526497136855181]], "fy": 1625.6299691974618, "fx": 1625.6299691974614}, {"id": 70, "img_name": "00053.jpg", "width": 1920, "height": 1080, "position": [-3.109590581393393, -2.3713888659986093, 3.097804809953152], "rotation": [[-0.7415889809543486, -0.3465982820208003, 0.5743826374702846], [0.4580240086221816, 0.36399326075214994, 0.8110011798096752], [-0.4901630247711044, 0.8645105765849527, -0.11118305680270904]], "fy": 1625.6299691974618, "fx": 1625.6299691974614}, {"id": 71, "img_name": "00054.jpg", "width": 1920, "height": 1080, "position": [-2.969852473283296, -2.4829848543696547, 3.209260646618788], "rotation": [[-0.7773462826445571, -0.32532267971884976, 0.5384216850380704], [0.42908269414485867, 0.3516921936016476, 0.8319859629495265], [-0.46002260644894205, 0.8777686227134164, -0.1337962874511615]], "fy": 1625.6299691974618, "fx": 1625.6299691974614}, {"id": 72, "img_name": "00055.jpg", "width": 1920, "height": 1080, "position": [-2.825096534468164, -2.546474308843666, 3.30795357689722], "rotation": [[-0.8041798892232918, -0.30820249826116936, 0.5082380601985527], [0.4045683258674343, 0.3426073004457246, 0.8479060722663295], [-0.43545283955169617, 0.8874860324235345, -0.15082893216985166]], "fy": 1625.6299691974618, "fx": 1625.6299691974614}, {"id": 73, "img_name": "00056.jpg", "width": 1920, "height": 1080, "position": [-2.507956534011157, -2.715167586168242, 3.4360866143392927], "rotation": [[-0.8493904288195426, -0.2758366507565869, 0.4499444871638524], [0.35727525447873104, 0.32696697117529444, 0.8748982753998388], [-0.38844599620399156, 0.9038842524681149, -0.17917300626278987]], "fy": 1625.6299691974618, "fx": 1625.6299691974614}, {"id": 74, "img_name": "00058.jpg", "width": 1920, "height": 1080, "position": [-1.907150978828102, -2.934379985559508, 3.6894627782150162], "rotation": [[-0.9212719178584147, -0.2076054905163479, 0.32887385677938025], [0.25931476273218473, 0.3023162028411701, 0.9172571980250942], [-0.2898515261209236, 0.930325144133578, -0.22468025947601247]], "fy": 1625.6299691974618, "fx": 1625.6299691974614}, {"id": 75, "img_name": "00059.jpg", "width": 1920, "height": 1080, "position": [-1.5791155777097605, -3.015864999543092, 3.7796080849455898], "rotation": [[-0.9515449287376009, -0.16618723064072927, 0.258735488415715], [0.20297916084360912, 0.29261426682252606, 0.9344390569294176], [-0.2310015343173673, 0.9416786581546173, -0.24470307705286704]], "fy": 1625.6299691974618, "fx": 1625.6299691974614}, {"id": 76, "img_name": "00060.jpg", "width": 1920, "height": 1080, "position": [-1.2651720942364668, -3.090670919543351, 3.8733819616068645], "rotation": [[-0.9749259327639308, -0.12201674271416352, 0.18609497607889455], [0.14509282139681065, 0.2855178675706608, 0.9473265648534381], [-0.16872314246567344, 0.950574279998848, -0.2606550199040479]], "fy": 1625.6299691974618, "fx": 1625.6299691974614}, {"id": 77, "img_name": "00061.jpg", "width": 1920, "height": 1080, "position": [-0.9194541803928072, -3.1576157761007844, 3.9332242033859637], "rotation": [[-0.9910735857196964, -0.07587316759623369, 0.10961938755355964], [0.08425033465852103, 0.2807943485964236, 0.9560629764331624], [-0.10332003096510803, 0.9567642323139094, -0.27189552215169915]], "fy": 1625.6299691974618, "fx": 1625.6299691974614}, {"id": 78, "img_name": "00062.jpg", "width": 1920, "height": 1080, "position": [-0.5078349786553353, -3.1880916569963405, 3.977690779083693], "rotation": [[-0.9993640579296799, -0.02611721274387319, 0.024276962676868328], [0.016050410855837118, 0.2784810271574573, 0.9603076079177371], [-0.03184123159806504, 0.9600865631347095, -0.2778847373615533]], "fy": 1625.6299691974618, "fx": 1625.6299691974614}, {"id": 79, "img_name": "00063.jpg", "width": 1920, "height": 1080, "position": [-0.08112788597819086, -3.1809265872932895, 3.9707349670039953], "rotation": [[-0.998443238120202, 0.01794397255621466, -0.052812063971669904], [-0.04572552528753293, 0.2789014854531532, 0.959230492503863], [0.03194176872411929, 0.9601520584058164, -0.2776468046815027]], "fy": 1625.6299691974618, "fx": 1625.6299691974614}, {"id": 80, "img_name": "00064.jpg", "width": 1920, "height": 1080, "position": [0.2804197261358793, -3.1752357169930585, 3.9357496961024694], "rotation": [[-0.991749467412814, 0.05306588534992007, -0.11669192644921363], [-0.0972447291959612, 0.2816840918185014, 0.9545666739730599], [0.08352518500430701, 0.9580386653097125, -0.2741996703892638]], "fy": 1625.6299691974618, "fx": 1625.6299691974614}, {"id": 81, "img_name": "00066.jpg", "width": 1920, "height": 1080, "position": [1.0085058167131755, -3.0704855789684116, 3.84878986856578], "rotation": [[-0.9568819790840158, 0.13312961375273655, -0.2581731667821122], [-0.21059261004935345, 0.29421819651718106, 0.9322480385770615], [0.2000690648172729, 0.9464207091881626, -0.2534959773308389]], "fy": 1625.6299691974618, "fx": 1625.6299691974614}, {"id": 82, "img_name": "00067.jpg", "width": 1920, "height": 1080, "position": [1.402431915093034, -2.9730531354177234, 3.767982691960895], "rotation": [[-0.9256545866171144, 0.17726106412097867, -0.3342784788486949], [-0.27120397662991097, 0.3052206568844723, 0.9128465115621213], [0.26384084091516574, 0.9356382130704739, -0.23445499548414134]], "fy": 1625.6299691974618, "fx": 1625.6299691974614}, {"id": 83, "img_name": "00068.jpg", "width": 1920, "height": 1080, "position": [1.773362441838687, -2.8671385520821984, 3.6721482652411], "rotation": [[-0.887370565271958, 0.21819634409455077, -0.40615740213948776], [-0.32848480843005906, 0.31895916752257625, 0.8890234980493892], [0.32352930395806895, 0.9223098204383803, -0.21136079249314377]], "fy": 1625.6299691974618, "fx": 1625.6299691974614}, {"id": 84, "img_name": "00069.jpg", "width": 1920, "height": 1080, "position": [2.1228497486829982, -2.74924874256641, 3.52798508218667], "rotation": [[-0.8432906826876733, 0.2561859231101161, -0.4724717952347786], [-0.38118001460248263, 0.33465293535732127, 0.8618057839933423], [0.37889658346283367, 0.9068495937347858, -0.18455674840884442]], "fy": 1625.6299691974618, "fx": 1625.6299691974614}, {"id": 85, "img_name": "00070.jpg", "width": 1920, "height": 1080, "position": [2.3811783889953406, -2.6449079854454465, 3.3895282634255617], "rotation": [[-0.805813732639809, 0.28308329036297863, -0.5201231383108889], [-0.4194004258684733, 0.3472498536011359, 0.8387614809678215], [0.4180520434951153, 0.8940253854848077, -0.16109344815447668]], "fy": 1625.6299691974618, "fx": 1625.6299691974614}, {"id": 86, "img_name": "00071.jpg", "width": 1920, "height": 1080, "position": [2.661848930807158, -2.4984143503048672, 3.221702267422495], "rotation": [[-0.7598354756903296, 0.31171958041156234, -0.5705093803527593], [-0.459655341658866, 0.36299027566809156, 0.8105276223885735], [0.4597466876084274, 0.8781053256634094, -0.13252931854739303]], "fy": 1625.6299691974618, "fx": 1625.6299691974614}, {"id": 87, "img_name": "00072.jpg", "width": 1920, "height": 1080, "position": [2.956965669814391, -2.316934962938121, 3.020143812202604], "rotation": [[-0.6960449313615789, 0.345139783766729, -0.6296030361960706], [-0.506867252160143, 0.3848696173487494, 0.7713371288415029], [0.5085342094819983, 0.8560104598095067, -0.0929464925816794]], "fy": 1625.6299691974618, "fx": 1625.6299691974614}, {"id": 88, "img_name": "00074.jpg", "width": 1920, "height": 1080, "position": [3.433218772803691, -1.9394418547322407, 2.6647233268448995], "rotation": [[-0.5680759328348352, 0.39763516869186183, -0.7205386923359677], [-0.5782609187742144, 0.4301135726208946, 0.693265190576948], [0.5855800921754712, 0.810486636081487, -0.014400291006842635]], "fy": 1625.6299691974618, "fx": 1625.6299691974614}, {"id": 89, "img_name": "00075.jpg", "width": 1920, "height": 1080, "position": [3.6144750156529253, -1.7499561107243502, 2.488433369585519], "rotation": [[-0.5073169858531101, 0.41737761401443907, -0.7539399201425332], [-0.6043452584657797, 0.45136785634675686, 0.6565316952187941], [0.6143258780442554, 0.7887096966416398, 0.023253601626570326]], "fy": 1625.6299691974618, "fx": 1625.6299691974614}, {"id": 90, "img_name": "00076.jpg", "width": 1920, "height": 1080, "position": [3.8188362640139673, -1.4661088536961586, 2.2103275699872307], "rotation": [[-0.42348745764008416, 0.4399941754921505, -0.7918734108142034], [-0.6341020659639633, 0.48030523834010097, 0.6059879932501075], [0.6469721347645285, 0.7587568804011213, 0.07559797141581935]], "fy": 1625.6299691974618, "fx": 1625.6299691974614}, {"id": 91, "img_name": "00077.jpg", "width": 1920, "height": 1080, "position": [3.9781140117542533, -1.190800237853138, 1.8887531388032346], "rotation": [[-0.33511130416493207, 0.4587128601203705, -0.8229720078964216], [-0.6587004073565274, 0.5104715218282099, 0.5527500327912576], [0.6736573217662102, 0.7273247812102795, 0.13108957040205685]], "fy": 1625.6299691974618, "fx": 1625.6299691974614}, {"id": 92, "img_name": "00078.jpg", "width": 1920, "height": 1080, "position": [4.11588834918939, -0.9088825127468506, 1.5687676942749866], "rotation": [[-0.24528518266312124, 0.4727662963447953, -0.8463611570755974], [-0.6771319586663176, 0.5412273804850226, 0.49856316868179973], [0.6937776947399185, 0.6953883459289102, 0.18737011135082063]], "fy": 1625.6299691974618, "fx": 1625.6299691974614}, {"id": 93, "img_name": "00079.jpg", "width": 1920, "height": 1080, "position": [4.186490410251578, -0.6664930945526468, 1.3298032023081048], "rotation": [[-0.17245007336156537, 0.4809223545453203, -0.859636353987066], [-0.6873004939841447, 0.5664071326942696, 0.4547537696404583], [0.7056054160554194, 0.6692508116779848, 0.23286122026137604]], "fy": 1625.6299691974618, "fx": 1625.6299691974614}, {"id": 94, "img_name": "00080.jpg", "width": 1920, "height": 1080, "position": [4.2158674458142835, -0.4488419829248561, 1.110613890284633], "rotation": [[-0.10454696558821247, 0.48590763916026614, -0.8677348086783159], [-0.6931630080903616, 0.5900691094000939, 0.41393657768660774], [0.7131584509780544, 0.6447574833512801, 0.2751232659392974]], "fy": 1625.6299691974618, "fx": 1625.6299691974614}, {"id": 95, "img_name": "00082.jpg", "width": 1920, "height": 1080, "position": [4.22891192901766, -0.03821099460626595, 0.6628660007211249], "rotation": [[0.02635812060836329, 0.48850436503720307, -0.8721632500957568], [-0.694822137107748, 0.6362109443372717, 0.33534733052538024], [0.7186984397249074, 0.5971592079546927, 0.3561929717048156]], "fy": 1625.6299691974618, "fx": 1625.6299691974614}, {"id": 96, "img_name": "00083.jpg", "width": 1920, "height": 1080, "position": [4.2035908516592135, 0.14655601097479656, 0.4601842176259154], "rotation": [[0.0898880643312988, 0.48686796297783513, -0.8688381451781372], [-0.6913423432355833, 0.6584582574668411, 0.297453336883727], [0.7169141513042584, 0.5739270944985473, 0.39577997657808617]], "fy": 1625.6299691974618, "fx": 1625.6299691974614}, {"id": 97, "img_name": "00084.jpg", "width": 1920, "height": 1080, "position": [4.152680105421069, 0.34931891059894177, 0.20317077841123266], "rotation": [[0.16481983456767357, 0.48298710993399246, -0.8599755076574529], [-0.6839827917083044, 0.6841633376475285, 0.25315621277367084], [0.7106349011834405, 0.546483283419176, 0.44311855994011107]], "fy": 1625.6299691974618, "fx": 1625.6299691974614}, {"id": 98, "img_name": "00085.jpg", "width": 1920, "height": 1080, "position": [4.071410994487836, 0.6124525906906579, -0.07872573685309225], "rotation": [[0.2553889724390062, 0.4746827972776062, -0.8422901606484879], [-0.6700653856322508, 0.7149252014518063, 0.19973566358213926], [0.6969855462877633, 0.5133791954275139, 0.500652524180341]], "fy": 1625.6299691974618, "fx": 1625.6299691974614}, {"id": 99, "img_name": "00086.jpg", "width": 1920, "height": 1080, "position": [3.9839465719672864, 0.8001366354218373, -0.26754652186651223], "rotation": [[0.31677870618110343, 0.4667936621968479, -0.8256845210145827], [-0.6572780249335285, 0.7356493048701671, 0.16372445811032593], [0.6838397833189481, 0.49083986918026024, 0.5398512513400326]], "fy": 1625.6299691974618, "fx": 1625.6