[{"id": 0, "img_name": "frame_IMG7458_011.jpg", "width": 1906, "height": 1071, "position": [0.0452644416513731, 2.9205991381849223, -2.0475618951149523], "rotation": [[0.9995744335087271, 0.0033723388465263992, 0.028975493203938177], [0.005671656645809031, 0.9518727427934854, -0.3064410446361566], [-0.028614405228823272, 0.30647497264460444, 0.9514485309021659]], "fy": 1631.0232617516333, "fx": 1631.0232617516333}, {"id": 1, "img_name": "frame_IMG7458_019.jpg", "width": 1906, "height": 1071, "position": [-1.278133139692102, 2.7402673615518482, -1.8351812950121158], "rotation": [[0.9276746903251057, -0.13522772504182737, 0.34804185281404176], [0.23723307158509283, 0.9332596801780869, -0.2697162195719735], [-0.28834031746622146, 0.33277594825033063, 0.8978418733772511]], "fy": 1631.0232617516333, "fx": 1631.0232617516333}, {"id": 2, "img_name": "frame_IMG7458_027.jpg", "width": 1906, "height": 1071, "position": [-2.9719283383884547, 1.813896578363678, -0.7995030643590574], "rotation": [[0.5671044254749154, -0.3205807434427625, 0.7586966175886456], [0.5358645510754726, 0.8431419500249818, -0.04428131670076245], [-0.6254932082024937, 0.43167075305347785, 0.6499373873311144]], "fy": 1631.0232617516333, "fx": 1631.0232617516333}, {"id": 3, "img_name": "frame_IMG7458_035.jpg", "width": 1906, "height": 1071, "position": [-3.6269148652859307, 0.311070668847747, 0.8746346477377408], "rotation": [[-0.022151681318569497, -0.40267198436453194, 0.9150762678720776], [0.6524916193897804, 0.6876620455673977, 0.31839534813210446], [-0.7574721048598836, 0.6041325881741458, 0.24750722467262518]], "fy": 1631.0232617516333, "fx": 1631.0232617516333}, {"id": 4, "img_name": "frame_IMG7458_043.jpg", "width": 1906, "height": 1071, "position": [-2.775650729426923, -1.2298355100784575, 2.574124317970147], "rotation": [[-0.6275986079239415, -0.3276186530002653, 0.7062478357759565], [0.5040415035591433, 0.5203811713049699, 0.6893080583027489], [-0.5933482535760671, 0.7885869988514644, -0.16145710024855436]], "fy": 1631.0232617516333, "fx": 1631.0232617516333}, {"id": 5, "img_name": "frame_IMG7458_051.jpg", "width": 1906, "height": 1071, "position": [-0.72349582773541, -2.1068238196351947, 3.531327583227147], "rotation": [[-0.9707595292673125, -0.11275849244894678, 0.21192323779460076], [0.14724516573214386, 0.4175395487225656, 0.896649087670907], [-0.18959113245407752, 0.9016353185369334, -0.388727352860052]], "fy": 1631.0232617516333, "fx": 1631.0232617516333}, {"id": 6, "img_name": "frame_IMG7458_059.jpg", "width": 1906, "height": 1071, "position": [1.8215112005718115, -1.9290807304219875, 3.322065688250015], "rotation": [[-0.9034306885927702, 0.16130814160907264, -0.39723126055160957], [-0.29881474203961633, 0.427502308022295, 0.8532007539702532], [0.30744550874681986, 0.8895063013190171, -0.3380174537877756]], "fy": 1631.0232617516333, "fx": 1631.0232617516333}, {"id": 7, "img_name": "frame_IMG7458_067.jpg", "width": 1906, "height": 1071, "position": [3.617200883469846, -0.7185854134348911, 1.9668341485101577], "rotation": [[-0.42999601251724684, 0.3579679777428018, -0.8288319227261918], [-0.6190453326274123, 0.5513481980229559, 0.5592835065412314], [0.6571805728804551, 0.7535742109756467, -0.015479120806685254]], "fy": 1631.0232617516333, "fx": 1631.0232617516333}, {"id": 8, "img_name": "frame_IMG7458_075.jpg", "width": 1906, "height": 1071, "position": [3.9685831026681746, 0.6762493515949799, 0.41638313453769404], "rotation": [[0.1162248183782, 0.4024566800561049, -0.9080310634946209], [-0.6818705254046709, 0.6970731543193458, 0.22167905654715261], [0.7221802947860821, 0.5933950102633956, 0.3554405486395608]], "fy": 1631.0232617516333, "fx": 1631.0232617516333}, {"id": 9, "img_name": "frame_IMG7458_083.jpg", "width": 1906, "height": 1071, "position": [2.96888629193721, 2.1088621992323255, -1.16740550597674], "rotation": [[0.674033910687625, 0.3084364805207852, -0.6712266567465108], [-0.5114975543729722, 0.8504589015683536, -0.12284098914294699], [0.5329620428450934, 0.4261297856605433, 0.7310026447690079]], "fy": 1631.0232617516333, "fx": 1631.0232617516333}, {"id": 10, "img_name": "frame_IMG7458_091.jpg", "width": 1906, "height": 1071, "position": [0.623519893362312, 2.9183930877633, -2.0392745333856195], "rotation": [[0.9917826836282673, 0.06935353680640083, -0.10750439706149431], [-0.10038466391476965, 0.9428032595049161, -0.31787565669240037], [0.0793096949044123, 0.3260553646228647, 0.9420179783288744]], "fy": 1631.0232617516333, "fx": 1631.0232617516333}, {"id": 11, "img_name": "frame_IMG7459_007.jpg", "width": 1906, "height": 1071, "position": [-0.24659453054693456, 1.6015742663858503, -2.7002371515543993], "rotation": [[0.9975603156241412, -0.046956320263179245, 0.0516577262295356], [0.047287953968137814, 0.9988676814313314, -0.005215783881956114], [-0.05135431920852605, 0.0076458471955523945, 0.9986512278665115]], "fy": 1631.0232617516333, "fx": 1631.0232617516333}, {"id": 12, "img_name": "frame_IMG7459_015.jpg", "width": 1906, "height": 1071, "position": [-1.7375252472422076, 1.2191951599883633, -2.295834259257024], "rotation": [[0.8540327325020194, -0.34332083499239435, 0.3908438256839416], [0.3503683671493191, 0.9349552665175355, 0.055683542561913754], [-0.3845388135367535, 0.08938374500573205, 0.9187711613957505]], "fy": 1631.0232617516333, "fx": 1631.0232617516333}, {"id": 13, "img_name": "frame_IMG7459_023.jpg", "width": 1906, "height": 1071, "position": [-2.7498775634928405, 0.5051990559923065, -1.5069372294481802], "rotation": [[0.5517682388165008, -0.5457424722962053, 0.6306480512658089], [0.5592015675309688, 0.8031019373097568, 0.20572040530832836], [-0.6187450343269385, 0.23914939310259803, 0.7483061875157886]], "fy": 1631.0232617516333, "fx": 1631.0232617516333}, {"id": 14, "img_name": "frame_IMG7459_031.jpg", "width": 1906, "height": 1071, "position": [-3.2635686291463606, -0.6667593663315786, -0.20021635629317627], "rotation": [[0.04666977775932364, -0.6518068009971876, 0.7569477036213983], [0.6677649674903725, 0.5839273216123317, 0.46164795165497063], [-0.742907719731379, 0.4839181513938706, 0.46250550560513537]], "fy": 1631.0232617516333, "fx": 1631.0232617516333}, {"id": 15, "img_name": "frame_IMG7459_039.jpg", "width": 1906, "height": 1071, "position": [-2.6855516071086125, -1.9588069910038197, 1.2171889556454116], "rotation": [[-0.5269102433415395, -0.5557847168519269, 0.6430155083476465], [0.5673927086243438, 0.3332628480569224, 0.752994945736636], [-0.6327962623638748, 0.761603061061871, 0.13974858754026145]], "fy": 1631.0232617516333, "fx": 1631.0232617516333}, {"id": 16, "img_name": "frame_IMG7459_047.jpg", "width": 1906, "height": 1071, "position": [-1.0750576766828914, -2.83058243770978, 2.1793466528440266], "rotation": [[-0.9219427472184076, -0.25706375173558127, 0.28972365867322836], [0.254821984094327, 0.16077220609718879, 0.9535292623558403], [-0.29169732133429754, 0.9529273452316656, -0.08271727410961334]], "fy": 1631.0232617516333, "fx": 1631.0232617516333}, {"id": 17, "img_name": "frame_IMG7459_055.jpg", "width": 1906, "height": 1071, "position": [1.0542948079558745, -2.8995696617806095, 2.254239783132287], "rotation": [[-0.971752349049182, 0.14846526454314282, -0.1834541832216734], [-0.1638248105904466, 0.13519001605146316, 0.9771822199544001], [0.16987879076683168, 0.9796334645080985, -0.10704892182296495]], "fy": 1631.0232617516333, "fx": 1631.0232617516333}, {"id": 18, "img_name": "frame_IMG7459_063.jpg", "width": 1906, "height": 1071, "position": [2.8119459390599593, -2.1222975682695053, 1.3944087483598404], "rotation": [[-0.6486423375011838, 0.4909579562127616, -0.5815697750333904], [-0.5210072461596926, 0.27059034815038296, 0.8095259803965207], [0.5548103887366328, 0.8280948911321954, 0.0802762968170784]], "fy": 1631.0232617516333, "fx": 1631.0232617516333}, {"id": 19, "img_name": "frame_IMG7459_071.jpg", "width": 1906, "height": 1071, "position": [3.5629320284929773, -0.7994145818210942, -0.0950019432736489], "rotation": [[-0.06599235439781788, 0.652455981168714, -0.7549478139568346], [-0.6807249873931943, 0.5237509755341706, 0.5121507660499396], [0.7295604846067035, 0.5477098759965675, 0.4095795295620333]], "fy": 1631.0232617516333, "fx": 1631.0232617516333}, {"id": 20, "img_name": "frame_IMG7459_079.jpg", "width": 1906, "height": 1071, "position": [2.8234537329620975, 0.7235507914012742, -1.7903465190354717], "rotation": [[0.6041646691376901, 0.529261047254736, -0.5957078112838253], [-0.5493584498841997, 0.8181635139042099, 0.16974615770834145], [0.5772264253363448, 0.22470248858153732, 0.7850595171824167]], "fy": 1631.0232617516333, "fx": 1631.0232617516333}, {"id": 21, "img_name": "frame_IMG7459_087.jpg", "width": 1906, "height": 1071, "position": [0.6733371349530649, 1.576445784621532, -2.6974205246198744], "rotation": [[0.9845198139299982, 0.1291014842256638, -0.11854763915815555], [-0.13275001388835733, 0.9908737397463084, -0.023380883084393702], [0.11444723584203555, 0.03875614340844345, 0.9926730537071216]], "fy": 1631.0232617516333, "fx": 1631.0232617516333}, {"id": 22, "img_name": "frame_IMG7458_012.jpg", "width": 1906, "height": 1071, "position": [-0.03746209392567477, 2.9182004925122618, -2.0439542180323507], "rotation": [[0.9988088393570518, -0.004502156257662596, 0.04858634593433539], [0.019220763280834625, 0.9515291675589765, -0.30695733505395056], [-0.04484935541478204, 0.30752556621125454, 0.9504822783436448]], "fy": 1631.0232617516333, "fx": 1631.0232617516333}, {"id": 23, "img_name": "frame_IMG7458_013.jpg", "width": 1906, "height": 1071, "position": [-0.18921140950452975, 2.912627080119497, -2.034045567214649], "rotation": [[0.9961658415226335, -0.0196819229906487, 0.08524223185073129], [0.0450345957348793, 0.9507167722438198, -0.30677272395258554], [-0.07500334239552024, 0.3094353581633545, 0.9479579409171154]], "fy": 1631.0232617516333, "fx": 1631.0232617516333}, {"id": 24, "img_name": "frame_IMG7458_014.jpg", "width": 1906, "height": 1071, "position": [-0.3531918879162013, 2.9026502159302576, -2.019959028790189], "rotation": [[0.9914182045528125, -0.036863769189440836, 0.12542330805087767], [0.07392175556418981, 0.9493888752575823, -0.30528075208150784], [-0.1078216941787964, 0.31193240623296986, 0.943966448665483]], "fy": 1631.0232617516333, "fx": 1631.0232617516333}, {"id": 25, "img_name": "frame_IMG7458_015.jpg", "width": 1906, "height": 1071, "position": [-0.49156767219205605, 2.8889270046345694, -2.0040321586895957], "rotation": [[0.98598575168467, -0.05086866458579555, 0.15888510451919033], [0.09772182233928102, 0.9479931729164018, -0.30291812349640446], [-0.13521295394120422, 0.31419949565069444, 0.9396787397932035]], "fy": 1631.0232617516333, "fx": 1631.0232617516333}, {"id": 26, "img_name": "frame_IMG7458_016.jpg", "width": 1906, "height": 1071, "position": [-0.6719075075741009, 2.866092423905572, -1.9788042760396716], "rotation": [[0.9767776424947824, -0.07038328561857836, 0.20236509142603856], [0.12993649181693775, 0.9455862544994602, -0.2983004247331685], [-0.1703582848488508, 0.3176677956721699, 0.9327728696612816]], "fy": 1631.0232617516333, "fx": 1631.0232617516333}, {"id": 27, "img_name": "frame_IMG7458_017.jpg", "width": 1906, "height": 1071, "position": [-0.8781574924291493, 2.8324602512360735, -1.9377346576229215], "rotation": [[0.9633360519220524, -0.0924257953771469, 0.2518752139773469], [0.1665101925231144, 0.9420757515005646, -0.29114881799616144], [-0.21037587041566322, 0.3224139432213631, 0.9229253720444051]], "fy": 1631.0232617516333, "fx": 1631.0232617516333}, {"id": 28, "img_name": "frame_IMG7458_018.jpg", "width": 1906, "height": 1071, "position": [-1.078561841218978, 2.7921238528547168, -1.8914179694453381], "rotation": [[0.9472223106760614, -0.11373253105910935, 0.2997245494389669], [0.20182061257704215, 0.9379790937739669, -0.28189299385049515], [-0.24907495758612597, 0.327505925170609, 0.9114282936587018]], "fy": 1631.0232617516333, "fx": 1631.0232617516333}, {"id": 29, "img_name": "frame_IMG7458_020.jpg", "width": 1906, "height": 1071, "position": [-1.5062840851529546, 2.669365892187936, -1.7550065322239015], "rotation": [[0.9006150158543706, -0.16013479477977446, 0.4040413849081199], [0.27818479381880035, 0.9266600473683272, -0.25281292905886127], [-0.33392486236520846, 0.340085289467464, 0.8791110181212652]], "fy": 1631.0232617516333, "fx": 1631.0232617516333}, {"id": 30, "img_name": "frame_IMG7458_021.jpg", "width": 1906, "height": 1071, "position": [-1.8101917532278513, 2.5587442185070985, -1.6314977074673034], "rotation": [[0.8571947700386493, -0.19248485627157136, 0.47766798754417267], [0.3315027114632185, 0.9160453742196577, -0.2257583324338254], [-0.39411049023201783, 0.35186709490499407, 0.8490385556688215]], "fy": 1631.0232617516333, "fx": 1631.0232617516333}, {"id": 31, "img_name": "frame_IMG7458_022.jpg", "width": 1906, "height": 1071, "position": [-2.0498665885413914, 2.4463628281184957, -1.509872464779016], "rotation": [[0.8155605574685535, -0.2181414941986632, 0.5359806578696259], [0.372976101301002, 0.9063239888529069, -0.19865964635038608], [-0.44243621569655334, 0.3619269480689859, 0.8205236616341923]], "fy": 1631.0232617516333, "fx": 1631.0232617516333}, {"id": 32, "img_name": "frame_IMG7458_023.jpg", "width": 1906, "height": 1071, "position": [-2.251380143685221, 2.3426037426588637, -1.3912382751087018], "rotation": [[0.7748008858299636, -0.2398482081861581, 0.5849413853942913], [0.4081754439017909, 0.8963366378462981, -0.17312838776460204], [-0.48277986112997656, 0.3728987378421705, 0.7923825698505973]], "fy": 1631.0232617516333, "fx": 1631.0232617516333}, {"id": 33, "img_name": "frame_IMG7458_024.jpg", "width": 1906, "height": 1071, "position": [-2.4361244985098574, 2.2355295937558792, -1.2697978917505577], "rotation": [[0.7318516925495867, -0.2602100796045041, 0.6298284009033912], [0.4408941426805068, 0.8855288798431027, -0.146461455386189], [-0.5196204913803208, 0.38487571686979344, 0.7628009094787687]], "fy": 1631.0232617516333, "fx": 1631.0232617516333}, {"id": 34, "img_name": "frame_IMG7458_025.jpg", "width": 1906, "height": 1071, "position": [-2.6195535335135554, 2.1141276012948564, -1.131934783389338], "rotation": [[0.6833736962141976, -0.28062521816445124, 0.6739806215706052], [0.47341935053212986, 0.8731011007016143, -0.11648427574297679], [-0.5557647972517528, 0.39867775820050905, 0.7295077348814983]], "fy": 1631.0232617516333, "fx": 1631.0232617516333}, {"id": 35, "img_name": "frame_IMG7458_026.jpg", "width": 1906, "height": 1071, "position": [-2.7812880886361877, 1.98536935310994, -0.9883665286101028], "rotation": [[0.6327835902215219, -0.29982421236425055, 0.7139260253181122], [0.5034324352990497, 0.8598321617310187, -0.08511425698337179], [-0.5883372426042988, 0.4132724226622435, 0.6950289156802403]], "fy": 1631.0232617516333, "fx": 1631.0232617516333}, {"id": 36, "img_name": "frame_IMG7458_028.jpg", "width": 1906, "height": 1071, "position": [-3.1301653492404284, 1.6445036640533799, -0.6095934202072075], "rotation": [[0.49972669279100684, -0.3391076222274532, 0.7970440722189743], [0.5648762266714644, 0.8251698640497347, -0.003089337396717051], [-0.656649130855719, 0.4517750723660896, 0.6039132412317547]], "fy": 1631.0232617516333, "fx": 1631.0232617516333}, {"id": 37, "img_name": "frame_IMG7458_029.jpg", "width": 1906, "height": 1071, "position": [-3.2673300029223906, 1.4696717165317812, -0.4132241799589207], "rotation": [[0.43098657126817685, -0.3543854517304753, 0.8298563291246791], [0.5887334669331589, 0.807384409624679, 0.03902973235716581], [-0.6838446316959457, 0.47174290317586737, 0.556610414027478]], "fy": 1631.0232617516333, "fx": 1631.0232617516333}, {"id": 38, "img_name": "frame_IMG7458_030.jpg", "width": 1906, "height": 1071, "position": [-3.389137083537737, 1.271176316292106, -0.19172791329967334], "rotation": [[0.35424314534944923, -0.36884109526629416, 0.8593416319576802], [0.609887982178795, 0.7877315090197119, 0.08669324593879908], [-0.7089065122897422, 0.49339164579498895, 0.5040002387825877]], "fy": 1631.0232617516333, "fx": 1631.0232617516333}, {"id": 39, "img_name": "frame_IMG7458_031.jpg", "width": 1906, "height": 1071, "position": [-3.485489607200736, 1.0760954875709885, 0.025889698242140664], "rotation": [[0.2774291840496293, -0.380492760352451, 0.8821894961724092], [0.6266446481777217, 0.7676906845486088, 0.13404289525188393], [-0.7282510094382129, 0.515631915397661, 0.4514135521620539]], "fy": 1631.0232617516333, "fx": 1631.0232617516333}, {"id": 40, "img_name": "frame_IMG7458_032.jpg", "width": 1906, "height": 1071, "position": [-3.546108556214141, 0.9117633154851408, 0.20920439078926104], "rotation": [[0.21246272285917533, -0.3884227579229578, 0.8966534182853422], [0.6376171274375037, 0.7504448718954154, 0.17400256620009885], [-0.7404755162688442, 0.5347525178747614, 0.40710656397679423]], "fy": 1631.0232617516333, "fx": 1631.0232617516333}, {"id": 41, "img_name": "frame_IMG7458_033.jpg", "width": 1906, "height": 1071, "position": [-3.600653707778915, 0.6905704432837054, 0.4529397036560237], "rotation": [[0.1264125663857514, -0.3963254322361088, 0.90936572116098], [0.6472112528770041, 0.7276753316235918, 0.2271699933879346], [-0.75175624853349, 0.5598345858459953, 0.3484935857106932]], "fy": 1631.0232617516333, "fx": 1631.0232617516333}, {"id": 42, "img_name": "frame_IMG7458_034.jpg", "width": 1906, "height": 1071, "position": [-3.6245516743152653, 0.499844365357681, 0.6647993147446069], "rotation": [[0.052512808382234794, -0.4005060455532496, 0.914788124338696], [0.6512015103663267, 0.7082220154096266, 0.2726869446558484], [-0.757085858970055, 0.5813918509614879, 0.2980008687624067]], "fy": 1631.0232617516333, "fx": 1631.0232617516333}, {"id": 43, "img_name": "frame_IMG7458_036.jpg", "width": 1906, "height": 1071, "position": [-3.599522871341415, 0.08934669554354352, 1.117129044377697], "rotation": [[-0.11105267078710214, -0.4023919847582306, 0.9087067705885012], [0.6496832455374363, 0.6625313900178339, 0.37277853708197844], [-0.7520498552483037, 0.6317696161128427, 0.1878514502942063]], "fy": 1631.0232617516333, "fx": 1631.0232617516333}, {"id": 44, "img_name": "frame_IMG7458_037.jpg", "width": 1906, "height": 1071, "position": [-3.529061863867252, -0.1882115398466529, 1.4170435132309127], "rotation": [[-0.21914610610343652, -0.3979704105701976, 0.8908392315621765], [0.6377620371311367, 0.6325524707517243, 0.439473498336625], [-0.73840000553497, 0.6644523489735568, 0.1151890088918158]], "fy": 1631.0232617516333, "fx": 1631.0232617516333}, {"id": 45, "img_name": "frame_IMG7458_038.jpg", "width": 1906, "height": 1071, "position": [-3.415140769361794, -0.4577402799300431, 1.7152577997588536], "rotation": [[-0.32558546476085415, -0.38788673085639336, 0.8622864890290223], [0.617846899765367, 0.6030578401438564, 0.5045656051410476], [-0.7157229307398097, 0.6970402610083343, 0.04330774695883179]], "fy": 1631.0232617516333, "fx": 1631.0232617516333}, {"id": 46, "img_name": "frame_IMG7458_039.jpg", "width": 1906, "height": 1071, "position": [-3.327829151089835, -0.6048466886837753, 1.8824009130006014], "rotation": [[-0.38483411047289645, -0.37990393130021727, 0.8411751960199342], [0.6026954424052123, 0.5868081372262776, 0.5407535610506987], [-0.6990428535651587, 0.7150728725575219, 0.0031425804387319243]], "fy": 1631.0232617516333, "fx": 1631.0232617516333}, {"id": 47, "img_name": "frame_IMG7458_040.jpg", "width": 1906, "height": 1071, "position": [-3.2298669458555787, -0.7527805139633503, 2.041987346295323], "rotation": [[-0.44215546124376925, -0.37103081315961783, 0.8165994634938367], [0.5848464256682029, 0.571006120977876, 0.5761134160813532], [-0.6800391212830601, 0.7323169706431173, -0.0354774299048188]], "fy": 1631.0232617516333, "fx": 1631.0232617516333}, {"id": 48, "img_name": "frame_IMG7458_041.jpg", "width": 1906, "height": 1071, "position": [-3.0789158733933175, -0.9360404017012486, 2.246574351646063], "rotation": [[-0.5139403510468004, -0.3569213791057478, 0.7800464375299345], [0.5583570247217589, 0.5511443816942864, 0.6200623383746894], [-0.6512317164494954, 0.7542194638592097, -0.08396577770836072]], "fy": 1631.0232617516333, "fx": 1631.0232617516333}, {"id": 49, "img_name": "frame_IMG7458_042.jpg", "width": 1906, "height": 1071, "position": [-2.9427097534552202, -1.0785466854785695, 2.402776200014114], "rotation": [[-0.5691335037778807, -0.3440058232886305, 0.7468246436888816], [0.5341091953698109, 0.5358893672318893, 0.6538730408184901], [-0.6251515194726209, 0.7710269642699384, -0.12125591973077691]], "fy": 1631.0232617516333, "fx": 1631.0232617516333}, {"id": 50, "img_name": "frame_IMG7458_044.jpg", "width": 1906, "height": 1071, "position": [-2.5664695673951807, -1.3892123182324763, 2.751228554060401], "rotation": [[-0.6898560907898134, -0.3068155180590989, 0.65571549614015], [0.4674819976778641, 0.5027984489674319, 0.7270861720340017], [-0.5527740549693969, 0.8081200143506355, -0.20342784115901758]], "fy": 1631.0232617516333, "fx": 1631.0232617516333}, {"id": 51, "img_name": "frame_IMG7458_045.jpg", "width": 1906, "height": 1071, "position": [-2.3261539399803994, -1.545895241262128, 2.9219714348677446], "rotation": [[-0.7504725725498282, -0.28254206717806174, 0.5974620474349733], [0.42551875598862043, 0.48514042508032296, 0.7639192079367952], [-0.5056923038294526, 0.8275317203754977, -0.24385763391788515]], "fy": 1631.0232617516333, "fx": 1631.0232617516333}, {"id": 52, "img_name": "frame_IMG7458_046.jpg", "width": 1906, "height": 1071, "position": [-2.133032510153575, -1.6515517252784204, 3.0374752986257567], "rotation": [[-0.7921141707174595, -0.26273037147868744, 0.5509336552174517], [0.39212314805756593, 0.4726714188879436, 0.7891901966724386], [-0.4677548260638422, 0.8411625774302666, -0.2713870686397115]], "fy": 1631.0232617516333, "fx": 1631.0232617516333}, {"id": 53, "img_name": "frame_IMG7458_047.jpg", "width": 1906, "height": 1071, "position": [-1.8530438072239126, -1.7830646647132828, 3.179230368142155], "rotation": [[-0.8439000466697806, -0.23320304667579508, 0.48316565508308706], [0.34359375005235365, 0.45673672016042305, 0.8205698650219005], [-0.4120388891302646, 0.8584916467142976, -0.30531303012821287]], "fy": 1631.0232617516333, "fx": 1631.0232617516333}, {"id": 54, "img_name": "frame_IMG7458_048.jpg", "width": 1906, "height": 1071, "position": [-1.543246842746313, -1.9042703175512024, 3.3114160192388296], "rotation": [[-0.8907431069020668, -0.19988958789518993, 0.4081921975706352], [0.2895883587542535, 0.44260300568836447, 0.8486702314972779], [-0.3503074363762082, 0.8741548672899538, -0.33635987872041484]], "fy": 1631.0232617516333, "fx": 1631.0232617516333}, {"id": 55, "img_name": "frame_IMG7458_049.jpg", "width": 1906, "height": 1071, "position": [-1.3080142827040715, -1.9768036257869002, 3.3877400462285756], "rotation": [[-0.919511392514223, -0.17500904512342133, 0.3519526007313249], [0.24905587216396824, 0.43331118418899106, 0.866148134095652], [-0.3040887560847987, 0.8840889388414056, -0.35484753999580937]], "fy": 1631.0232617516333, "fx": 1631.0232617516333}, {"id": 56, "img_name": "frame_IMG7458_050.jpg", "width": 1906, "height": 1071, "position": [-1.0439695218218399, -2.043679826798984, 3.4629036685639285], "rotation": [[-0.9460618270271716, -0.14672714078191118, 0.2888566523381016], [0.20331980487863432, 0.425271979103797, 0.8819324241308137], [-0.252246063172696, 0.8930928786789786, -0.37250105190022104]], "fy": 1631.0232617516333, "fx": 1631.0232617516333}, {"id": 57, "img_name": "frame_IMG7458_052.jpg", "width": 1906, "height": 1071, "position": [-0.41553157132472524, -2.148079512242694, 3.5757773635693715], "rotation": [[-0.9870866583034724, -0.08075636449838228, 0.13834138423583883], [0.09333488225266638, 0.4119313734589477, 0.90642216616492], [-0.1301865152547086, 0.9076293038202486, -0.3990745771063425]], "fy": 1631.0232617516333, "fx": 1631.0232617516333}, {"id": 58, "img_name": "frame_IMG7458_053.jpg", "width": 1906, "height": 1071, "position": [-0.09727589606217348, -2.1721208914504815, 3.598607624083742], "rotation": [[-0.9969841187619616, -0.047047652287731015, 0.061718598093663396], [0.03724328885857185, 0.4076603877449693, 0.912373797135044], [-0.06808527279398512, 0.9119207896949351, -0.40467872312580805]], "fy": 1631.0232617516333, "fx": 1631.0232617516333}, {"id": 59, "img_name": "frame_IMG7458_054.jpg", "width": 1906, "height": 1071, "position": [0.22263208921737515, -2.178087822456105, 3.6035751350138536], "rotation": [[-0.9998026762832443, -0.013326343513102648, -0.01473149908982039], [-0.018870011512667855, 0.4054020701888804, 0.9139436985679599], [-0.006207347450753379, 0.9140413393578767, -0.4055735430011243]], "fy": 1631.0232617516333, "fx": 1631.0232617516333}, {"id": 60, "img_name": "frame_IMG7458_055.jpg", "width": 1906, "height": 1071, "position": [0.5208373832075894, -2.1686165434421767, 3.5928514544542924], "rotation": [[-0.9960784953785219, 0.019164042346577453, -0.08637343645703685], [-0.07121091406531264, 0.405689307354565, 0.911232786732433], [0.05250368332261892, 0.9138101145090876, -0.40273370588820334]], "fy": 1631.0232617516333, "fx": 1631.0232617516333}, {"id": 61, "img_name": "frame_IMG7458_056.jpg", "width": 1906, "height": 1071, "position": [0.8246079477826302, -2.1421073298635505, 3.5613301469197007], "rotation": [[-0.9859538855424984, 0.05199314421947175, -0.15871877185079009], [-0.12418740073010016, 0.40722500114759097, 0.9048454497538493], [0.11168001201446691, 0.9118467587234809, -0.39504817873511433]], "fy": 1631.0232617516333, "fx": 1631.0232617516333}, {"id": 62, "img_name": "frame_IMG7458_057.jpg", "width": 1906, "height": 1071, "position": [1.205990035525017, -2.0839600906706286, 3.497291682057469], "rotation": [[-0.963694001735473, 0.09384570387821822, -0.2499737083828463], [-0.19087322668122508, 0.41252824408568745, 0.890723222537662], [0.18671176276648496, 0.9060979150705409, -0.37963836206243784]], "fy": 1631.0232617516333, "fx": 1631.0232617516333}, {"id": 63, "img_name": "frame_IMG7458_058.jpg", "width": 1906, "height": 1071, "position": [1.5278480839200865, -2.014861828062075, 3.419573519934728], "rotation": [[-0.9362223427870054, 0.12906916986721695, -0.3268468666764274], [-0.2471154740959332, 0.4194724105039898, 0.8734854545373464], [0.2498432855386612, 0.8985455170528425, -0.36082445379365186]], "fy": 1631.0232617516333, "fx": 1631.0232617516333}, {"id": 64, "img_name": "frame_IMG7458_060.jpg", "width": 1906, "height": 1071, "position": [2.0613330092965287, -1.8436956648805347, 3.219068744421062], "rotation": [[-0.8719738830053977, 0.18425098910911256, -0.4535560829366119], [-0.34205336798891023, 0.4335027658211573, 0.8337114881497376], [0.3502299827312509, 0.8821150293684608, -0.31497941862659423]], "fy": 1631.0232617516333, "fx": 1631.0232617516333}, {"id": 65, "img_name": "frame_IMG7458_061.jpg", "width": 1906, "height": 1071, "position": [2.3354323249292968, -1.730533032561593, 3.0881596805869713], "rotation": [[-0.8266263026881133, 0.21494705403872455, -0.5200833776081032], [-0.3910263320012306, 0.4452420037685984, 0.8055172038893934], [0.4047065151265081, 0.8692280034836645, -0.28399879326145056]], "fy": 1631.0232617516333, "fx": 1631.0232617516333}, {"id": 66, "img_name": "frame_IMG7458_062.jpg", "width": 1906, "height": 1071, "position": [2.6087752850710806, -1.592787925192561, 2.9365095778381844], "rotation": [[-0.7732259380263913, 0.24388405735540986, -0.5853564856829302], [-0.4394104260929744, 0.4594813032489034, 0.7718778461683428], [0.45720906181308124, 0.85404771443553, -0.2481176641503981]], "fy": 1631.0232617516333, "fx": 1631.0232617516333}, {"id": 67, "img_name": "frame_IMG7458_063.jpg", "width": 1906, "height": 1071, "position": [2.8498015261209324, -1.4470981960475835, 2.7720979777988517], "rotation": [[-0.715940288826625, 0.27053044805484266, -0.6436169509188633], [-0.48251341485894517, 0.47454500137256306, 0.7361982383526015], [0.5045892461359119, 0.8376277922487768, -0.20921131502964144]], "fy": 1631.0232617516333, "fx": 1631.0232617516333}, {"id": 68, "img_name": "frame_IMG7458_064.jpg", "width": 1906, "height": 1071, "position": [3.1398963747737123, -1.2348893075061271, 2.539763476515592], "rotation": [[-0.6328536528065194, 0.30182208484048406, -0.7130215166683185], [-0.5339185418665203, 0.49680875896411714, 0.6841871437462577], [0.5607381249572513, 0.8136857416220817, -0.15325883041557076]], "fy": 1631.0232617516333, "fx": 1631.0232617516333}, {"id": 69, "img_name": "frame_IMG7458_065.jpg", "width": 1906, "height": 1071, "position": [3.328576494545521, -1.0631487188213111, 2.3523906439589615], "rotation": [[-0.5665450297570593, 0.32267133740069853, -0.758228156479049], [-0.5674183141128899, 0.5144847989038429, 0.6429166730659256], [0.5975476433447447, 0.7944737879357109, -0.10838917942407654]], "fy": 1631.0232617516333, "fx": 1631.0232617516333}, {"id": 70, "img_name": "frame_IMG7458_066.jpg", "width": 1906, "height": 1071, "position": [3.4670981267859946, -0.9112108378258029, 2.1799171840284624], "rotation": [[-0.5057213981908878, 0.3403299707913418, -0.7927303314450744], [-0.5925583879844669, 0.5308057678918252, 0.6059041125475383], [0.6269931612395012, 0.7761576822746356, -0.0667744562311234]], "fy": 1631.0232617516333, "fx": 1631.0232617516333}, {"id": 71, "img_name": "frame_IMG7458_068.jpg", "width": 1906, "height": 1071, "position": [3.747413497479771, -0.5168282675929398, 1.7419781951915558], "rotation": [[-0.3494972715110616, 0.37319597646914254, -0.8594046895110398], [-0.641227445923475, 0.5735103582860659, 0.50981686077752], [0.683139092572501, 0.7292534758818991, 0.038863197415914146]], "fy": 1631.0232617516333, "fx": 1631.0232617516333}, {"id": 72, "img_name": "frame_IMG7458_069.jpg", "width": 1906, "height": 1071, "position": [3.865554710770143, -0.2761842875747529, 1.4720958476608548], "rotation": [[-0.254912204199771, 0.3866278433083146, -0.8863061993062977], [-0.6617307495503805, 0.5985922661928876, 0.4514418167976408], [0.7050760123912211, 0.7015740941859415, 0.10325505855729321]], "fy": 1631.0232617516333, "fx": 1631.0232617516333}, {"id": 73, "img_name": "frame_IMG7458_070.jpg", "width": 1906, "height": 1071, "position": [3.9279969601267544, -0.09884824045025291, 1.2728495905655142], "rotation": [[-0.18446817140866176, 0.3941634899329312, -0.9003369574448422], [-0.6723887923125256, 0.6175244526733585, 0.40811378599965453], [0.7168436410470885, 0.680660483320694, 0.1511175063849051]], "fy": 1631.0232617516333, "fx": 1631.0232617516333}, {"id": 74, "img_name": "frame_IMG7458_071.jpg", "width": 1906, "height": 1071, "position": [3.9710829563003056, 0.09425360758844793, 1.0582420121971017], "rotation": [[-0.10949889303275098, 0.399658708448597, -0.9101004940037123], [-0.6806919994314407, 0.6370720951486795, 0.3616594357857947], [0.7243399715151922, 0.6590994328203228, 0.20228579614322698]], "fy": 1631.0232617516333, "fx": 1631.0232617516333}, {"id": 75, "img_name": "frame_IMG7458_072.jpg", "width": 1906, "height": 1071, "position": [3.9912129214919534, 0.2542156805167123, 0.880654179385931], "rotation": [[-0.04791012349981801, 0.40249448603946303, -0.9141678230905199], [-0.6848846920738084, 0.6529600460734662, 0.32338233840873476], [0.7270746719761293, 0.6415928357919571, 0.2443789156847169]], "fy": 1631.0232617516333, "fx": 1631.0232617516333}, {"id": 76, "img_name": "frame_IMG7458_073.jpg", "width": 1906, "height": 1071, "position": [3.99611438648619, 0.3871545816230083, 0.734475497109834], "rotation": [[0.0035809390768191565, 0.40357682466187084, -0.9149387539454046], [-0.6861070525318617, 0.6666105212844259, 0.291354638505975], [0.7274917795696179, 0.6267026085064172, 0.27928399730361037]], "fy": 1631.0232617516333, "fx": 1631.0232617516333}, {"id": 77, "img_name": "frame_IMG7458_074.jpg", "width": 1906, "height": 1071, "position": [3.986866509523381, 0.5497101149291871, 0.5542466886903189], "rotation": [[0.06706324533731436, 0.4037286854459636, -0.9124174865010543], [-0.684842761925415, 0.6836657230681951, 0.25217369121304367], [0.7255983135063068, 0.6079509253629906, 0.32233951012416556]], "fy": 1631.0232617516333, "fx": 1631.0232617516333}, {"id": 78, "img_name": "frame_IMG7458_076.jpg", "width": 1906, "height": 1071, "position": [3.9343745292465786, 0.8283372840145814, 0.24698569266782125], "rotation": [[0.1758547350550585, 0.39976928681454477, -0.899588589010835], [-0.6756949154693653, 0.7135844072386817, 0.18502344433791754], [0.7158990804349187, 0.5753101868258631, 0.3956092713357816]], "fy": 1631.0232617516333, "fx": 1631.0232617516333}, {"id": 79, "img_name": "frame_IMG7458_077.jpg", "width": 1906, "height": 1071, "position": [3.860045480601672, 1.0468045734650844, 0.005028247006981604], "rotation": [[0.2616825209994182, 0.3932295855790286, -0.8814151979792124], [-0.6627104032767204, 0.7371311819352993, 0.13210806942603928], [0.7016674280541997, 0.5495526486552622, 0.4534916832355256]], "fy": 1631.0232617516333, "fx": 1631.0232617516333}, {"id": 80, "img_name": "frame_IMG7458_078.jpg", "width": 1906, "height": 1071, "position": [3.7511761463878113, 1.272638047088831, -0.24730989415981525], "rotation": [[0.3503745425611927, 0.38304093446132975, -0.8547030609820151], [-0.6434481436996805, 0.7615541832037119, 0.0775223349387942], [0.6805969191044507, 0.5227952453608568, 0.5132961768156968]], "fy": 1631.0232617516333, "fx": 1631.0232617516333}, {"id": 81, "img_name": "frame_IMG7458_079.jpg", "width": 1906, "height": 1071, "position": [3.618589017252234, 1.4782035004124372, -0.47419563494689454], "rotation": [[0.43000239607863816, 0.3707353214004969, -0.8231969757188738], [-0.6210900416992057, 0.7832279512018944, 0.02830435581605502], [0.6552443051783883, 0.49910850315552946, 0.5670499119205803]], "fy": 1631.0232617516333, "fx": 1631.0232617516333}, {"id": 82, "img_name": "frame_IMG7458_080.jpg", "width": 1906, "height": 1071, "position": [3.468458369381047, 1.6653453395371351, -0.6804152472277673], "rotation": [[0.5026605902156974, 0.3566314539995845, -0.787493706046054], [-0.5956204295941312, 0.8030967571131686, -0.016489468287805203], [0.6265529785214565, 0.47733594535971646, 0.6161020697688301]], "fy": 1631.0232617516333, "fx": 1631.0232617516333}, {"id": 83, "img_name": "frame_IMG7458_081.jpg", "width": 1906, "height": 1071, "position": [3.3497595690781403, 1.7941853440288256, -0.8231379774414422], "rotation": [[0.5524430887471289, 0.3448862125354646, -0.7588544880927265], [-0.5752344391222053, 0.8166002601921278, -0.04763774870741508], [0.6032511696990677, 0.4628363808702717, 0.649515597041068]], "fy": 1631.0232617516333, "fx": 1631.0232617516333}, {"id": 84, "img_name": "frame_IMG7458_082.jpg", "width": 1906, "height": 1071, "position": [3.1823971887907585, 1.937086890170675, -0.9797225144845407], "rotation": [[0.6076472047922313, 0.32981226667836383, -0.7224878845051094], [-0.5485912002405335, 0.8321051478361036, -0.08153967110129241], [0.5742931041957919, 0.4458978489442801, 0.6865584744069694]], "fy": 1631.0232617516333, "fx": 1631.0232617516333}, {"id": 85, "img_name": "frame_IMG7458_084.jpg", "width": 1906, "height": 1071, "position": [2.7679363467218954, 2.243508825489872, -1.3139116895961616], "rotation": [[0.7268291568745487, 0.288369130196717, -0.6233479136618824], [-0.4764755580679881, 0.8653734336622172, -0.15524130531357783], [0.49466192422788297, 0.4098439520857336, 0.7663794854104036]], "fy": 1631.0232617516333, "fx": 1631.0232617516333}, {"id": 86, "img_name": "frame_IMG7458_085.jpg", "width": 1906, "height": 1071, "position": [2.4957823736061706, 2.393905242362097, -1.4798832209098476], "rotation": [[0.7875457846079917, 0.2613050370502525, -0.5581140696652869], [-0.42885118158165986, 0.8827711548075171, -0.1918378281148347], [0.44255881100956146, 0.3904289510934977, 0.807283675634429]], "fy": 1631.0232617516333, "fx": 1631.0232617516333}, {"id": 87, "img_name": "frame_IMG7458_086.jpg", "width": 1906, "height": 1071, "position": [2.154512228057246, 2.5531590477380695, -1.6521298230913313], "rotation": [[0.8498438095896715, 0.22637676837954654, -0.4759401832585135], [-0.3685877426773565, 0.900763317951797, -0.22971399822492428], [0.3767075460488217, 0.3706467371642475, 0.8489478317183996]], "fy": 1631.0232617516333, "fx": 1631.0232617516333}, {"id": 88, "img_name": "frame_IMG7458_087.jpg", "width": 1906, "height": 1071, "position": [1.8744129593975498, 2.6595344566588475, -1.7661868051196312], "rotation": [[0.891429000781117, 0.1970961425873035, -0.4080532405747864], [-0.3187263734582946, 0.9127909975899503, -0.2553939967596478], [0.32213015293279046, 0.35772294488325534, 0.8765081056530787]], "fy": 1631.0232617516333, "fx": 1631.0232617516333}, {"id": 89, "img_name": "frame_IMG7458_088.jpg", "width": 1906, "height": 1071, "position": [1.568174281830821, 2.7540898252202584, -1.8652590002256986], "rotation": [[0.9281389347450409, 0.16447236389099848, -0.33392657774793516], [-0.2637791021546936, 0.923572906828678, -0.27826906230928666], [0.26263796960227315, 0.34635520392818253, 0.9005883463797777]], "fy": 1631.0232617516333, "fx": 1631.0232617516333}, {"id": 90, "img_name": "frame_IMG7458_089.jpg", "width": 1906, "height": 1071, "position": [1.233940394558819, 2.83122207732823, -1.948914033035768], "rotation": [[0.9584812712759392, 0.13035584726510066, -0.2536158624712921], [-0.20539452731569152, 0.9325515853477393, -0.2969185558603265], [0.19780480469903466, 0.3366821850784742, 0.9206076066863454]], "fy": 1631.0232617516333, "fx": 1631.0232617516333}, {"id": 91, "img_name": "frame_IMG7458_090.jpg", "width": 1906, "height": 1071, "position": [0.9298331734973628, 2.884148239235101, -2.0025825559689796], "rotation": [[0.9785663960103225, 0.09938762334058657, -0.18036049713304214], [-0.1524091231554969, 0.938527634143345, -0.30973753264379883], [0.13848923343834707, 0.3305873262483083, 0.9335591850255953]], "fy": 1631.0232617516333, "fx": 1631.0232617516333}, {"id": 92, "img_name": "frame_IMG7458_092.jpg", "width": 1906, "height": 1071, "position": [0.30422632826626395, 2.9319835781885972, -2.0552931331314173], "rotation": [[0.9988161638999679, 0.037440598148657696, -0.031055955023525022], [-0.045451810010829444, 0.9457899538163476, -0.32158279840005516], [0.01733215794100503, 0.322613646441594, 0.9463720364797167]], "fy": 1631.0232617516333, "fx": 1631.0232617516333}, {"id": 93, "img_name": "frame_IMG7459_001.jpg", "width": 1906, "height": 1071, "position": [0.07804721801510668, 1.6138014442384006, -2.710270097859925], "rotation": [[0.9997875188849832, 0.01656537827601601, -0.012268061150067672], [-0.01652759899346635, 0.9998583704867011, 0.003174498257965162], [0.012318910395017615, -0.0029710621419200486, 0.9999197053946024]], "fy": 1631.0232617516333, "fx": 1631.0232617516333}, {"id": 94, "img_name": "frame_IMG7459_002.jpg", "width": 1906, "height": 1071, "position": [0.08178506665084552, 1.6135934769445934, -2.710027220891117], "rotation": [[0.9997793248038371, 0.016773055829597795, -0.012647778181191444], [-0.016725643534373547, 0.9998527228867725, 0.0038451767538018318], [0.012710410817298368, -0.0036327859893069705, 0.9999126203438036]], "fy": 1631.0232617516333, "fx": 1631.0232617516333}, {"id": 95, "img_name": "frame_IMG7459_003.jpg", "width": 1906, "height": 1071, "position": [0.08048451135039297, 1.6128470167798792, -2.708431741493121], "rotation": [[0.9998064650432039, 0.0156537007528317, -0.011916128169571445], [-0.015623320830835466, 0.9998744676830029, 0.0026383179960620764], [0.011955931750793854, -0.002451637895848123, 0.9999255198101495]], "fy": 1631.0232617516333, "fx": 1631.0232617516333}, {"id": 96, "img_name": "frame_IMG7459_004.jpg", "width": 1906, "height": 1071, "position": [0.04739391986690344, 1.6049701425228788, -2.7135551969304688], "rotation": [[0.9999262315301012, 0.009859478024473345, -0.007093813579139378], [-0.009847829980936394, 0.9999501059621817, 0.0016750614580552151], [0.007109974871771722, -0.0016050792212906452, 0.9999734356361754]], "fy": 1631.0232617516333, "fx": 16